,cid,label,left,right,top,bottom,width,height,score
0,2,car,489,630,494,597,141,103,0.7589497
0,2,car,489,630,494,595,141,101,0.73820925
1,2,car,489,630,494,597,141,103,0.7589497
0,2,car,490,629,492,596,139,104,0.7399865
1,2,car,489,630,494,595,141,101,0.73820925
2,2,car,489,630,494,597,141,103,0.7589497
0,2,car,932,1156,484,583,224,99,0.76671946
1,2,car,490,629,492,596,139,104,0.7399865
2,2,car,489,630,494,595,141,101,0.73820925
3,2,car,489,630,494,597,141,103,0.7589497
0,2,car,931,1155,484,582,224,98,0.72715425
1,2,car,932,1156,484,583,224,99,0.76671946
2,2,car,490,629,492,596,139,104,0.7399865
3,2,car,489,630,494,595,141,101,0.73820925
4,2,car,489,630,494,597,141,103,0.7589497
0,2,car,930,1158,483,583,228,100,0.72813904
1,2,car,931,1155,484,582,224,98,0.72715425
2,2,car,932,1156,484,583,224,99,0.76671946
3,2,car,490,629,492,596,139,104,0.7399865
4,2,car,489,630,494,595,141,101,0.73820925
5,2,car,489,630,494,597,141,103,0.7589497
0,2,car,934,1152,486,582,218,96,0.84340096
1,2,car,930,1158,483,583,228,100,0.72813904
2,2,car,931,1155,484,582,224,98,0.72715425
3,2,car,932,1156,484,583,224,99,0.76671946
4,2,car,490,629,492,596,139,104,0.7399865
5,2,car,489,630,494,595,141,101,0.73820925
6,2,car,489,630,494,597,141,103,0.7589497
0,2,car,932,1156,484,583,224,99,0.7341139
1,2,car,934,1152,486,582,218,96,0.84340096
2,2,car,930,1158,483,583,228,100,0.72813904
3,2,car,931,1155,484,582,224,98,0.72715425
4,2,car,932,1156,484,583,224,99,0.76671946
5,2,car,490,629,492,596,139,104,0.7399865
6,2,car,489,630,494,595,141,101,0.73820925
7,2,car,489,630,494,597,141,103,0.7589497
0,2,car,910,1153,484,583,243,99,0.7323254
1,2,car,932,1156,484,583,224,99,0.7341139
2,2,car,934,1152,486,582,218,96,0.84340096
3,2,car,930,1158,483,583,228,100,0.72813904
4,2,car,931,1155,484,582,224,98,0.72715425
5,2,car,932,1156,484,583,224,99,0.76671946
6,2,car,490,629,492,596,139,104,0.7399865
7,2,car,489,630,494,595,141,101,0.73820925
8,2,car,489,630,494,597,141,103,0.7589497
0,2,car,912,1150,485,583,238,98,0.73681813
1,2,car,910,1153,484,583,243,99,0.7323254
2,2,car,932,1156,484,583,224,99,0.7341139
3,2,car,934,1152,486,582,218,96,0.84340096
4,2,car,930,1158,483,583,228,100,0.72813904
5,2,car,931,1155,484,582,224,98,0.72715425
6,2,car,932,1156,484,583,224,99,0.76671946
7,2,car,490,629,492,596,139,104,0.7399865
8,2,car,489,630,494,595,141,101,0.73820925
9,2,car,489,630,494,597,141,103,0.7589497
0,2,car,933,1154,485,583,221,98,0.7367985
1,2,car,912,1150,485,583,238,98,0.73681813
2,2,car,910,1153,484,583,243,99,0.7323254
3,2,car,932,1156,484,583,224,99,0.7341139
4,2,car,934,1152,486,582,218,96,0.84340096
5,2,car,930,1158,483,583,228,100,0.72813904
6,2,car,931,1155,484,582,224,98,0.72715425
7,2,car,932,1156,484,583,224,99,0.76671946
8,2,car,490,629,492,596,139,104,0.7399865
9,2,car,489,630,494,595,141,101,0.73820925
10,2,car,489,630,494,597,141,103,0.7589497
0,2,car,914,1148,484,582,234,98,0.73212177
1,2,car,933,1154,485,583,221,98,0.7367985
2,2,car,912,1150,485,583,238,98,0.73681813
3,2,car,910,1153,484,583,243,99,0.7323254
4,2,car,932,1156,484,583,224,99,0.7341139
5,2,car,934,1152,486,582,218,96,0.84340096
6,2,car,930,1158,483,583,228,100,0.72813904
7,2,car,931,1155,484,582,224,98,0.72715425
8,2,car,932,1156,484,583,224,99,0.76671946
9,2,car,490,629,492,596,139,104,0.7399865
10,2,car,489,630,494,595,141,101,0.73820925
11,2,car,489,630,494,597,141,103,0.7589497
0,2,car,910,1152,484,583,242,99,0.78261006
1,2,car,914,1148,484,582,234,98,0.73212177
2,2,car,933,1154,485,583,221,98,0.7367985
3,2,car,912,1150,485,583,238,98,0.73681813
4,2,car,910,1153,484,583,243,99,0.7323254
5,2,car,932,1156,484,583,224,99,0.7341139
6,2,car,934,1152,486,582,218,96,0.84340096
7,2,car,930,1158,483,583,228,100,0.72813904
8,2,car,931,1155,484,582,224,98,0.72715425
9,2,car,932,1156,484,583,224,99,0.76671946
10,2,car,490,629,492,596,139,104,0.7399865
11,2,car,489,630,494,595,141,101,0.73820925
12,2,car,489,630,494,597,141,103,0.7589497
0,2,car,932,1152,486,583,220,97,0.80983233
1,2,car,910,1152,484,583,242,99,0.78261006
2,2,car,914,1148,484,582,234,98,0.73212177
3,2,car,933,1154,485,583,221,98,0.7367985
4,2,car,912,1150,485,583,238,98,0.73681813
5,2,car,910,1153,484,583,243,99,0.7323254
6,2,car,932,1156,484,583,224,99,0.7341139
7,2,car,934,1152,486,582,218,96,0.84340096
8,2,car,930,1158,483,583,228,100,0.72813904
9,2,car,931,1155,484,582,224,98,0.72715425
10,2,car,932,1156,484,583,224,99,0.76671946
11,2,car,490,629,492,596,139,104,0.7399865
12,2,car,489,630,494,595,141,101,0.73820925
13,2,car,489,630,494,597,141,103,0.7589497
0,2,car,931,1156,487,583,225,96,0.8038395
1,2,car,932,1152,486,583,220,97,0.80983233
2,2,car,910,1152,484,583,242,99,0.78261006
3,2,car,914,1148,484,582,234,98,0.73212177
4,2,car,933,1154,485,583,221,98,0.7367985
5,2,car,912,1150,485,583,238,98,0.73681813
6,2,car,910,1153,484,583,243,99,0.7323254
7,2,car,932,1156,484,583,224,99,0.7341139
8,2,car,934,1152,486,582,218,96,0.84340096
9,2,car,930,1158,483,583,228,100,0.72813904
10,2,car,931,1155,484,582,224,98,0.72715425
11,2,car,932,1156,484,583,224,99,0.76671946
12,2,car,490,629,492,596,139,104,0.7399865
13,2,car,489,630,494,595,141,101,0.73820925
14,2,car,489,630,494,597,141,103,0.7589497
0,2,car,933,1155,486,583,222,97,0.7850862
1,2,car,931,1156,487,583,225,96,0.8038395
2,2,car,932,1152,486,583,220,97,0.80983233
3,2,car,910,1152,484,583,242,99,0.78261006
4,2,car,914,1148,484,582,234,98,0.73212177
5,2,car,933,1154,485,583,221,98,0.7367985
6,2,car,912,1150,485,583,238,98,0.73681813
7,2,car,910,1153,484,583,243,99,0.7323254
8,2,car,932,1156,484,583,224,99,0.7341139
9,2,car,934,1152,486,582,218,96,0.84340096
10,2,car,930,1158,483,583,228,100,0.72813904
11,2,car,931,1155,484,582,224,98,0.72715425
12,2,car,932,1156,484,583,224,99,0.76671946
13,2,car,490,629,492,596,139,104,0.7399865
14,2,car,489,630,494,595,141,101,0.73820925
15,2,car,489,630,494,597,141,103,0.7589497
0,2,car,934,1155,486,583,221,97,0.69318825
1,2,car,933,1155,486,583,222,97,0.7850862
2,2,car,931,1156,487,583,225,96,0.8038395
3,2,car,932,1152,486,583,220,97,0.80983233
4,2,car,910,1152,484,583,242,99,0.78261006
5,2,car,914,1148,484,582,234,98,0.73212177
6,2,car,933,1154,485,583,221,98,0.7367985
7,2,car,912,1150,485,583,238,98,0.73681813
8,2,car,910,1153,484,583,243,99,0.7323254
9,2,car,932,1156,484,583,224,99,0.7341139
10,2,car,934,1152,486,582,218,96,0.84340096
11,2,car,930,1158,483,583,228,100,0.72813904
12,2,car,931,1155,484,582,224,98,0.72715425
13,2,car,932,1156,484,583,224,99,0.76671946
14,2,car,490,629,492,596,139,104,0.7399865
15,2,car,489,630,494,595,141,101,0.73820925
16,2,car,489,630,494,597,141,103,0.7589497
0,2,car,910,1152,483,583,242,100,0.6558999
1,2,car,934,1155,486,583,221,97,0.69318825
2,2,car,933,1155,486,583,222,97,0.7850862
3,2,car,931,1156,487,583,225,96,0.8038395
4,2,car,932,1152,486,583,220,97,0.80983233
5,2,car,910,1152,484,583,242,99,0.78261006
6,2,car,914,1148,484,582,234,98,0.73212177
7,2,car,933,1154,485,583,221,98,0.7367985
8,2,car,912,1150,485,583,238,98,0.73681813
9,2,car,910,1153,484,583,243,99,0.7323254
10,2,car,932,1156,484,583,224,99,0.7341139
11,2,car,934,1152,486,582,218,96,0.84340096
12,2,car,930,1158,483,583,228,100,0.72813904
13,2,car,931,1155,484,582,224,98,0.72715425
14,2,car,932,1156,484,583,224,99,0.76671946
15,2,car,490,629,492,596,139,104,0.7399865
16,2,car,489,630,494,595,141,101,0.73820925
17,2,car,489,630,494,597,141,103,0.7589497
0,2,car,912,1151,483,583,239,100,0.6966506
1,2,car,910,1152,483,583,242,100,0.6558999
2,2,car,934,1155,486,583,221,97,0.69318825
3,2,car,933,1155,486,583,222,97,0.7850862
4,2,car,931,1156,487,583,225,96,0.8038395
5,2,car,932,1152,486,583,220,97,0.80983233
6,2,car,910,1152,484,583,242,99,0.78261006
7,2,car,914,1148,484,582,234,98,0.73212177
8,2,car,933,1154,485,583,221,98,0.7367985
9,2,car,912,1150,485,583,238,98,0.73681813
10,2,car,910,1153,484,583,243,99,0.7323254
11,2,car,932,1156,484,583,224,99,0.7341139
12,2,car,934,1152,486,582,218,96,0.84340096
13,2,car,930,1158,483,583,228,100,0.72813904
14,2,car,931,1155,484,582,224,98,0.72715425
15,2,car,932,1156,484,583,224,99,0.76671946
16,2,car,490,629,492,596,139,104,0.7399865
17,2,car,489,630,494,595,141,101,0.73820925
18,2,car,489,630,494,597,141,103,0.7589497
0,2,car,930,1157,486,583,227,97,0.782852
1,2,car,912,1151,483,583,239,100,0.6966506
2,2,car,910,1152,483,583,242,100,0.6558999
3,2,car,934,1155,486,583,221,97,0.69318825
4,2,car,933,1155,486,583,222,97,0.7850862
5,2,car,931,1156,487,583,225,96,0.8038395
6,2,car,932,1152,486,583,220,97,0.80983233
7,2,car,910,1152,484,583,242,99,0.78261006
8,2,car,914,1148,484,582,234,98,0.73212177
9,2,car,933,1154,485,583,221,98,0.7367985
10,2,car,912,1150,485,583,238,98,0.73681813
11,2,car,910,1153,484,583,243,99,0.7323254
12,2,car,932,1156,484,583,224,99,0.7341139
13,2,car,934,1152,486,582,218,96,0.84340096
14,2,car,930,1158,483,583,228,100,0.72813904
15,2,car,931,1155,484,582,224,98,0.72715425
16,2,car,932,1156,484,583,224,99,0.76671946
17,2,car,490,629,492,596,139,104,0.7399865
18,2,car,489,630,494,595,141,101,0.73820925
19,2,car,489,630,494,597,141,103,0.7589497
0,2,car,931,1155,485,584,224,99,0.7525547
1,2,car,930,1157,486,583,227,97,0.782852
2,2,car,912,1151,483,583,239,100,0.6966506
3,2,car,910,1152,483,583,242,100,0.6558999
4,2,car,934,1155,486,583,221,97,0.69318825
5,2,car,933,1155,486,583,222,97,0.7850862
6,2,car,931,1156,487,583,225,96,0.8038395
7,2,car,932,1152,486,583,220,97,0.80983233
8,2,car,910,1152,484,583,242,99,0.78261006
9,2,car,914,1148,484,582,234,98,0.73212177
10,2,car,933,1154,485,583,221,98,0.7367985
11,2,car,912,1150,485,583,238,98,0.73681813
12,2,car,910,1153,484,583,243,99,0.7323254
13,2,car,932,1156,484,583,224,99,0.7341139
14,2,car,934,1152,486,582,218,96,0.84340096
15,2,car,930,1158,483,583,228,100,0.72813904
16,2,car,931,1155,484,582,224,98,0.72715425
17,2,car,932,1156,484,583,224,99,0.76671946
18,2,car,490,629,492,596,139,104,0.7399865
19,2,car,489,630,494,595,141,101,0.73820925
20,2,car,489,630,494,597,141,103,0.7589497
0,2,car,932,1157,485,583,225,98,0.7307193
1,2,car,931,1155,485,584,224,99,0.7525547
2,2,car,930,1157,486,583,227,97,0.782852
3,2,car,912,1151,483,583,239,100,0.6966506
4,2,car,910,1152,483,583,242,100,0.6558999
5,2,car,934,1155,486,583,221,97,0.69318825
6,2,car,933,1155,486,583,222,97,0.7850862
7,2,car,931,1156,487,583,225,96,0.8038395
8,2,car,932,1152,486,583,220,97,0.80983233
9,2,car,910,1152,484,583,242,99,0.78261006
10,2,car,914,1148,484,582,234,98,0.73212177
11,2,car,933,1154,485,583,221,98,0.7367985
12,2,car,912,1150,485,583,238,98,0.73681813
13,2,car,910,1153,484,583,243,99,0.7323254
14,2,car,932,1156,484,583,224,99,0.7341139
15,2,car,934,1152,486,582,218,96,0.84340096
16,2,car,930,1158,483,583,228,100,0.72813904
17,2,car,931,1155,484,582,224,98,0.72715425
18,2,car,932,1156,484,583,224,99,0.76671946
19,2,car,490,629,492,596,139,104,0.7399865
20,2,car,489,630,494,595,141,101,0.73820925
21,2,car,489,630,494,597,141,103,0.7589497
0,2,car,933,1154,486,582,221,96,0.7985575
1,2,car,932,1157,485,583,225,98,0.7307193
2,2,car,931,1155,485,584,224,99,0.7525547
3,2,car,930,1157,486,583,227,97,0.782852
4,2,car,912,1151,483,583,239,100,0.6966506
5,2,car,910,1152,483,583,242,100,0.6558999
6,2,car,934,1155,486,583,221,97,0.69318825
7,2,car,933,1155,486,583,222,97,0.7850862
8,2,car,931,1156,487,583,225,96,0.8038395
9,2,car,932,1152,486,583,220,97,0.80983233
10,2,car,910,1152,484,583,242,99,0.78261006
11,2,car,914,1148,484,582,234,98,0.73212177
12,2,car,933,1154,485,583,221,98,0.7367985
13,2,car,912,1150,485,583,238,98,0.73681813
14,2,car,910,1153,484,583,243,99,0.7323254
15,2,car,932,1156,484,583,224,99,0.7341139
16,2,car,934,1152,486,582,218,96,0.84340096
17,2,car,930,1158,483,583,228,100,0.72813904
18,2,car,931,1155,484,582,224,98,0.72715425
19,2,car,932,1156,484,583,224,99,0.76671946
20,2,car,490,629,492,596,139,104,0.7399865
21,2,car,489,630,494,595,141,101,0.73820925
22,2,car,489,630,494,597,141,103,0.7589497
0,2,car,911,1151,483,583,240,100,0.7419249
1,2,car,933,1154,486,582,221,96,0.7985575
2,2,car,932,1157,485,583,225,98,0.7307193
3,2,car,931,1155,485,584,224,99,0.7525547
4,2,car,930,1157,486,583,227,97,0.782852
5,2,car,912,1151,483,583,239,100,0.6966506
6,2,car,910,1152,483,583,242,100,0.6558999
7,2,car,934,1155,486,583,221,97,0.69318825
8,2,car,933,1155,486,583,222,97,0.7850862
9,2,car,931,1156,487,583,225,96,0.8038395
10,2,car,932,1152,486,583,220,97,0.80983233
11,2,car,910,1152,484,583,242,99,0.78261006
12,2,car,914,1148,484,582,234,98,0.73212177
13,2,car,933,1154,485,583,221,98,0.7367985
14,2,car,912,1150,485,583,238,98,0.73681813
15,2,car,910,1153,484,583,243,99,0.7323254
16,2,car,932,1156,484,583,224,99,0.7341139
17,2,car,934,1152,486,582,218,96,0.84340096
18,2,car,930,1158,483,583,228,100,0.72813904
19,2,car,931,1155,484,582,224,98,0.72715425
20,2,car,932,1156,484,583,224,99,0.76671946
21,2,car,490,629,492,596,139,104,0.7399865
22,2,car,489,630,494,595,141,101,0.73820925
23,2,car,489,630,494,597,141,103,0.7589497
0,2,car,930,1154,486,583,224,97,0.78029627
1,2,car,911,1151,483,583,240,100,0.7419249
2,2,car,933,1154,486,582,221,96,0.7985575
3,2,car,932,1157,485,583,225,98,0.7307193
4,2,car,931,1155,485,584,224,99,0.7525547
5,2,car,930,1157,486,583,227,97,0.782852
6,2,car,912,1151,483,583,239,100,0.6966506
7,2,car,910,1152,483,583,242,100,0.6558999
8,2,car,934,1155,486,583,221,97,0.69318825
9,2,car,933,1155,486,583,222,97,0.7850862
10,2,car,931,1156,487,583,225,96,0.8038395
11,2,car,932,1152,486,583,220,97,0.80983233
12,2,car,910,1152,484,583,242,99,0.78261006
13,2,car,914,1148,484,582,234,98,0.73212177
14,2,car,933,1154,485,583,221,98,0.7367985
15,2,car,912,1150,485,583,238,98,0.73681813
16,2,car,910,1153,484,583,243,99,0.7323254
17,2,car,932,1156,484,583,224,99,0.7341139
18,2,car,934,1152,486,582,218,96,0.84340096
19,2,car,930,1158,483,583,228,100,0.72813904
20,2,car,931,1155,484,582,224,98,0.72715425
21,2,car,932,1156,484,583,224,99,0.76671946
22,2,car,490,629,492,596,139,104,0.7399865
23,2,car,489,630,494,595,141,101,0.73820925
24,2,car,489,630,494,597,141,103,0.7589497
0,2,car,932,1155,485,583,223,98,0.84369075
1,2,car,930,1154,486,583,224,97,0.78029627
2,2,car,911,1151,483,583,240,100,0.7419249
3,2,car,933,1154,486,582,221,96,0.7985575
4,2,car,932,1157,485,583,225,98,0.7307193
5,2,car,931,1155,485,584,224,99,0.7525547
6,2,car,930,1157,486,583,227,97,0.782852
7,2,car,912,1151,483,583,239,100,0.6966506
8,2,car,910,1152,483,583,242,100,0.6558999
9,2,car,934,1155,486,583,221,97,0.69318825
10,2,car,933,1155,486,583,222,97,0.7850862
11,2,car,931,1156,487,583,225,96,0.8038395
12,2,car,932,1152,486,583,220,97,0.80983233
13,2,car,910,1152,484,583,242,99,0.78261006
14,2,car,914,1148,484,582,234,98,0.73212177
15,2,car,933,1154,485,583,221,98,0.7367985
16,2,car,912,1150,485,583,238,98,0.73681813
17,2,car,910,1153,484,583,243,99,0.7323254
18,2,car,932,1156,484,583,224,99,0.7341139
19,2,car,934,1152,486,582,218,96,0.84340096
20,2,car,930,1158,483,583,228,100,0.72813904
21,2,car,931,1155,484,582,224,98,0.72715425
22,2,car,932,1156,484,583,224,99,0.76671946
23,2,car,490,629,492,596,139,104,0.7399865
24,2,car,489,630,494,595,141,101,0.73820925
25,2,car,489,630,494,597,141,103,0.7589497
0,2,car,931,1156,486,583,225,97,0.7965262
1,2,car,932,1155,485,583,223,98,0.84369075
2,2,car,930,1154,486,583,224,97,0.78029627
3,2,car,911,1151,483,583,240,100,0.7419249
4,2,car,933,1154,486,582,221,96,0.7985575
5,2,car,932,1157,485,583,225,98,0.7307193
6,2,car,931,1155,485,584,224,99,0.7525547
7,2,car,930,1157,486,583,227,97,0.782852
8,2,car,912,1151,483,583,239,100,0.6966506
9,2,car,910,1152,483,583,242,100,0.6558999
10,2,car,934,1155,486,583,221,97,0.69318825
11,2,car,933,1155,486,583,222,97,0.7850862
12,2,car,931,1156,487,583,225,96,0.8038395
13,2,car,932,1152,486,583,220,97,0.80983233
14,2,car,910,1152,484,583,242,99,0.78261006
15,2,car,914,1148,484,582,234,98,0.73212177
16,2,car,933,1154,485,583,221,98,0.7367985
17,2,car,912,1150,485,583,238,98,0.73681813
18,2,car,910,1153,484,583,243,99,0.7323254
19,2,car,932,1156,484,583,224,99,0.7341139
20,2,car,934,1152,486,582,218,96,0.84340096
21,2,car,930,1158,483,583,228,100,0.72813904
22,2,car,931,1155,484,582,224,98,0.72715425
23,2,car,932,1156,484,583,224,99,0.76671946
24,2,car,490,629,492,596,139,104,0.7399865
25,2,car,489,630,494,595,141,101,0.73820925
26,2,car,489,630,494,597,141,103,0.7589497
0,2,car,932,1156,485,583,224,98,0.7969352
1,2,car,931,1156,486,583,225,97,0.7965262
2,2,car,932,1155,485,583,223,98,0.84369075
3,2,car,930,1154,486,583,224,97,0.78029627
4,2,car,911,1151,483,583,240,100,0.7419249
5,2,car,933,1154,486,582,221,96,0.7985575
6,2,car,932,1157,485,583,225,98,0.7307193
7,2,car,931,1155,485,584,224,99,0.7525547
8,2,car,930,1157,486,583,227,97,0.782852
9,2,car,912,1151,483,583,239,100,0.6966506
10,2,car,910,1152,483,583,242,100,0.6558999
11,2,car,934,1155,486,583,221,97,0.69318825
12,2,car,933,1155,486,583,222,97,0.7850862
13,2,car,931,1156,487,583,225,96,0.8038395
14,2,car,932,1152,486,583,220,97,0.80983233
15,2,car,910,1152,484,583,242,99,0.78261006
16,2,car,914,1148,484,582,234,98,0.73212177
17,2,car,933,1154,485,583,221,98,0.7367985
18,2,car,912,1150,485,583,238,98,0.73681813
19,2,car,910,1153,484,583,243,99,0.7323254
20,2,car,932,1156,484,583,224,99,0.7341139
21,2,car,934,1152,486,582,218,96,0.84340096
22,2,car,930,1158,483,583,228,100,0.72813904
23,2,car,931,1155,484,582,224,98,0.72715425
24,2,car,932,1156,484,583,224,99,0.76671946
25,2,car,490,629,492,596,139,104,0.7399865
26,2,car,489,630,494,595,141,101,0.73820925
27,2,car,489,630,494,597,141,103,0.7589497
0,2,car,929,1157,485,583,228,98,0.7647364
1,2,car,932,1156,485,583,224,98,0.7969352
2,2,car,931,1156,486,583,225,97,0.7965262
3,2,car,932,1155,485,583,223,98,0.84369075
4,2,car,930,1154,486,583,224,97,0.78029627
5,2,car,911,1151,483,583,240,100,0.7419249
6,2,car,933,1154,486,582,221,96,0.7985575
7,2,car,932,1157,485,583,225,98,0.7307193
8,2,car,931,1155,485,584,224,99,0.7525547
9,2,car,930,1157,486,583,227,97,0.782852
10,2,car,912,1151,483,583,239,100,0.6966506
11,2,car,910,1152,483,583,242,100,0.6558999
12,2,car,934,1155,486,583,221,97,0.69318825
13,2,car,933,1155,486,583,222,97,0.7850862
14,2,car,931,1156,487,583,225,96,0.8038395
15,2,car,932,1152,486,583,220,97,0.80983233
16,2,car,910,1152,484,583,242,99,0.78261006
17,2,car,914,1148,484,582,234,98,0.73212177
18,2,car,933,1154,485,583,221,98,0.7367985
19,2,car,912,1150,485,583,238,98,0.73681813
20,2,car,910,1153,484,583,243,99,0.7323254
21,2,car,932,1156,484,583,224,99,0.7341139
22,2,car,934,1152,486,582,218,96,0.84340096
23,2,car,930,1158,483,583,228,100,0.72813904
24,2,car,931,1155,484,582,224,98,0.72715425
25,2,car,932,1156,484,583,224,99,0.76671946
26,2,car,490,629,492,596,139,104,0.7399865
27,2,car,489,630,494,595,141,101,0.73820925
28,2,car,489,630,494,597,141,103,0.7589497
0,2,car,931,1156,486,582,225,96,0.7640865
1,2,car,929,1157,485,583,228,98,0.7647364
2,2,car,932,1156,485,583,224,98,0.7969352
3,2,car,931,1156,486,583,225,97,0.7965262
4,2,car,932,1155,485,583,223,98,0.84369075
5,2,car,930,1154,486,583,224,97,0.78029627
6,2,car,911,1151,483,583,240,100,0.7419249
7,2,car,933,1154,486,582,221,96,0.7985575
8,2,car,932,1157,485,583,225,98,0.7307193
9,2,car,931,1155,485,584,224,99,0.7525547
10,2,car,930,1157,486,583,227,97,0.782852
11,2,car,912,1151,483,583,239,100,0.6966506
12,2,car,910,1152,483,583,242,100,0.6558999
13,2,car,934,1155,486,583,221,97,0.69318825
14,2,car,933,1155,486,583,222,97,0.7850862
15,2,car,931,1156,487,583,225,96,0.8038395
16,2,car,932,1152,486,583,220,97,0.80983233
17,2,car,910,1152,484,583,242,99,0.78261006
18,2,car,914,1148,484,582,234,98,0.73212177
19,2,car,933,1154,485,583,221,98,0.7367985
20,2,car,912,1150,485,583,238,98,0.73681813
21,2,car,910,1153,484,583,243,99,0.7323254
22,2,car,932,1156,484,583,224,99,0.7341139
23,2,car,934,1152,486,582,218,96,0.84340096
24,2,car,930,1158,483,583,228,100,0.72813904
25,2,car,931,1155,484,582,224,98,0.72715425
26,2,car,932,1156,484,583,224,99,0.76671946
27,2,car,490,629,492,596,139,104,0.7399865
28,2,car,489,630,494,595,141,101,0.73820925
29,2,car,489,630,494,597,141,103,0.7589497
0,2,car,933,1153,486,582,220,96,0.776039
1,2,car,931,1156,486,582,225,96,0.7640865
2,2,car,929,1157,485,583,228,98,0.7647364
3,2,car,932,1156,485,583,224,98,0.7969352
4,2,car,931,1156,486,583,225,97,0.7965262
5,2,car,932,1155,485,583,223,98,0.84369075
6,2,car,930,1154,486,583,224,97,0.78029627
7,2,car,911,1151,483,583,240,100,0.7419249
8,2,car,933,1154,486,582,221,96,0.7985575
9,2,car,932,1157,485,583,225,98,0.7307193
10,2,car,931,1155,485,584,224,99,0.7525547
11,2,car,930,1157,486,583,227,97,0.782852
12,2,car,912,1151,483,583,239,100,0.6966506
13,2,car,910,1152,483,583,242,100,0.6558999
14,2,car,934,1155,486,583,221,97,0.69318825
15,2,car,933,1155,486,583,222,97,0.7850862
16,2,car,931,1156,487,583,225,96,0.8038395
17,2,car,932,1152,486,583,220,97,0.80983233
18,2,car,910,1152,484,583,242,99,0.78261006
19,2,car,914,1148,484,582,234,98,0.73212177
20,2,car,933,1154,485,583,221,98,0.7367985
21,2,car,912,1150,485,583,238,98,0.73681813
22,2,car,910,1153,484,583,243,99,0.7323254
23,2,car,932,1156,484,583,224,99,0.7341139
24,2,car,934,1152,486,582,218,96,0.84340096
25,2,car,930,1158,483,583,228,100,0.72813904
26,2,car,931,1155,484,582,224,98,0.72715425
27,2,car,932,1156,484,583,224,99,0.76671946
28,2,car,490,629,492,596,139,104,0.7399865
29,2,car,489,630,494,595,141,101,0.73820925
30,2,car,489,630,494,597,141,103,0.7589497
0,2,car,933,1153,486,582,220,96,0.73385704
1,2,car,933,1153,486,582,220,96,0.776039
2,2,car,931,1156,486,582,225,96,0.7640865
3,2,car,929,1157,485,583,228,98,0.7647364
4,2,car,932,1156,485,583,224,98,0.7969352
5,2,car,931,1156,486,583,225,97,0.7965262
6,2,car,932,1155,485,583,223,98,0.84369075
7,2,car,930,1154,486,583,224,97,0.78029627
8,2,car,911,1151,483,583,240,100,0.7419249
9,2,car,933,1154,486,582,221,96,0.7985575
10,2,car,932,1157,485,583,225,98,0.7307193
11,2,car,931,1155,485,584,224,99,0.7525547
12,2,car,930,1157,486,583,227,97,0.782852
13,2,car,912,1151,483,583,239,100,0.6966506
14,2,car,910,1152,483,583,242,100,0.6558999
15,2,car,934,1155,486,583,221,97,0.69318825
16,2,car,933,1155,486,583,222,97,0.7850862
17,2,car,931,1156,487,583,225,96,0.8038395
18,2,car,932,1152,486,583,220,97,0.80983233
19,2,car,910,1152,484,583,242,99,0.78261006
20,2,car,914,1148,484,582,234,98,0.73212177
21,2,car,933,1154,485,583,221,98,0.7367985
22,2,car,912,1150,485,583,238,98,0.73681813
23,2,car,910,1153,484,583,243,99,0.7323254
24,2,car,932,1156,484,583,224,99,0.7341139
25,2,car,934,1152,486,582,218,96,0.84340096
26,2,car,930,1158,483,583,228,100,0.72813904
27,2,car,931,1155,484,582,224,98,0.72715425
28,2,car,932,1156,484,583,224,99,0.76671946
29,2,car,490,629,492,596,139,104,0.7399865
30,2,car,489,630,494,595,141,101,0.73820925
31,2,car,489,630,494,597,141,103,0.7589497
0,2,car,933,1154,486,583,221,97,0.7761377
1,2,car,933,1153,486,582,220,96,0.73385704
2,2,car,933,1153,486,582,220,96,0.776039
3,2,car,931,1156,486,582,225,96,0.7640865
4,2,car,929,1157,485,583,228,98,0.7647364
5,2,car,932,1156,485,583,224,98,0.7969352
6,2,car,931,1156,486,583,225,97,0.7965262
7,2,car,932,1155,485,583,223,98,0.84369075
8,2,car,930,1154,486,583,224,97,0.78029627
9,2,car,911,1151,483,583,240,100,0.7419249
10,2,car,933,1154,486,582,221,96,0.7985575
11,2,car,932,1157,485,583,225,98,0.7307193
12,2,car,931,1155,485,584,224,99,0.7525547
13,2,car,930,1157,486,583,227,97,0.782852
14,2,car,912,1151,483,583,239,100,0.6966506
15,2,car,910,1152,483,583,242,100,0.6558999
16,2,car,934,1155,486,583,221,97,0.69318825
17,2,car,933,1155,486,583,222,97,0.7850862
18,2,car,931,1156,487,583,225,96,0.8038395
19,2,car,932,1152,486,583,220,97,0.80983233
20,2,car,910,1152,484,583,242,99,0.78261006
21,2,car,914,1148,484,582,234,98,0.73212177
22,2,car,933,1154,485,583,221,98,0.7367985
23,2,car,912,1150,485,583,238,98,0.73681813
24,2,car,910,1153,484,583,243,99,0.7323254
25,2,car,932,1156,484,583,224,99,0.7341139
26,2,car,934,1152,486,582,218,96,0.84340096
27,2,car,930,1158,483,583,228,100,0.72813904
28,2,car,931,1155,484,582,224,98,0.72715425
29,2,car,932,1156,484,583,224,99,0.76671946
30,2,car,490,629,492,596,139,104,0.7399865
31,2,car,489,630,494,595,141,101,0.73820925
32,2,car,489,630,494,597,141,103,0.7589497
0,2,car,933,1156,485,583,223,98,0.81042093
1,2,car,933,1154,486,583,221,97,0.7761377
2,2,car,933,1153,486,582,220,96,0.73385704
3,2,car,933,1153,486,582,220,96,0.776039
4,2,car,931,1156,486,582,225,96,0.7640865
5,2,car,929,1157,485,583,228,98,0.7647364
6,2,car,932,1156,485,583,224,98,0.7969352
7,2,car,931,1156,486,583,225,97,0.7965262
8,2,car,932,1155,485,583,223,98,0.84369075
9,2,car,930,1154,486,583,224,97,0.78029627
10,2,car,911,1151,483,583,240,100,0.7419249
11,2,car,933,1154,486,582,221,96,0.7985575
12,2,car,932,1157,485,583,225,98,0.7307193
13,2,car,931,1155,485,584,224,99,0.7525547
14,2,car,930,1157,486,583,227,97,0.782852
15,2,car,912,1151,483,583,239,100,0.6966506
16,2,car,910,1152,483,583,242,100,0.6558999
17,2,car,934,1155,486,583,221,97,0.69318825
18,2,car,933,1155,486,583,222,97,0.7850862
19,2,car,931,1156,487,583,225,96,0.8038395
20,2,car,932,1152,486,583,220,97,0.80983233
21,2,car,910,1152,484,583,242,99,0.78261006
22,2,car,914,1148,484,582,234,98,0.73212177
23,2,car,933,1154,485,583,221,98,0.7367985
24,2,car,912,1150,485,583,238,98,0.73681813
25,2,car,910,1153,484,583,243,99,0.7323254
26,2,car,932,1156,484,583,224,99,0.7341139
27,2,car,934,1152,486,582,218,96,0.84340096
28,2,car,930,1158,483,583,228,100,0.72813904
29,2,car,931,1155,484,582,224,98,0.72715425
30,2,car,932,1156,484,583,224,99,0.76671946
31,2,car,490,629,492,596,139,104,0.7399865
32,2,car,489,630,494,595,141,101,0.73820925
33,2,car,489,630,494,597,141,103,0.7589497
0,2,car,933,1151,485,583,218,98,0.75362366
1,2,car,933,1156,485,583,223,98,0.81042093
2,2,car,933,1154,486,583,221,97,0.7761377
3,2,car,933,1153,486,582,220,96,0.73385704
4,2,car,933,1153,486,582,220,96,0.776039
5,2,car,931,1156,486,582,225,96,0.7640865
6,2,car,929,1157,485,583,228,98,0.7647364
7,2,car,932,1156,485,583,224,98,0.7969352
8,2,car,931,1156,486,583,225,97,0.7965262
9,2,car,932,1155,485,583,223,98,0.84369075
10,2,car,930,1154,486,583,224,97,0.78029627
11,2,car,911,1151,483,583,240,100,0.7419249
12,2,car,933,1154,486,582,221,96,0.7985575
13,2,car,932,1157,485,583,225,98,0.7307193
14,2,car,931,1155,485,584,224,99,0.7525547
15,2,car,930,1157,486,583,227,97,0.782852
16,2,car,912,1151,483,583,239,100,0.6966506
17,2,car,910,1152,483,583,242,100,0.6558999
18,2,car,934,1155,486,583,221,97,0.69318825
19,2,car,933,1155,486,583,222,97,0.7850862
20,2,car,931,1156,487,583,225,96,0.8038395
21,2,car,932,1152,486,583,220,97,0.80983233
22,2,car,910,1152,484,583,242,99,0.78261006
23,2,car,914,1148,484,582,234,98,0.73212177
24,2,car,933,1154,485,583,221,98,0.7367985
25,2,car,912,1150,485,583,238,98,0.73681813
26,2,car,910,1153,484,583,243,99,0.7323254
27,2,car,932,1156,484,583,224,99,0.7341139
28,2,car,934,1152,486,582,218,96,0.84340096
29,2,car,930,1158,483,583,228,100,0.72813904
30,2,car,931,1155,484,582,224,98,0.72715425
31,2,car,932,1156,484,583,224,99,0.76671946
32,2,car,490,629,492,596,139,104,0.7399865
33,2,car,489,630,494,595,141,101,0.73820925
34,2,car,489,630,494,597,141,103,0.7589497
0,2,car,932,1153,486,583,221,97,0.79814225
1,2,car,933,1151,485,583,218,98,0.75362366
2,2,car,933,1156,485,583,223,98,0.81042093
3,2,car,933,1154,486,583,221,97,0.7761377
4,2,car,933,1153,486,582,220,96,0.73385704
5,2,car,933,1153,486,582,220,96,0.776039
6,2,car,931,1156,486,582,225,96,0.7640865
7,2,car,929,1157,485,583,228,98,0.7647364
8,2,car,932,1156,485,583,224,98,0.7969352
9,2,car,931,1156,486,583,225,97,0.7965262
10,2,car,932,1155,485,583,223,98,0.84369075
11,2,car,930,1154,486,583,224,97,0.78029627
12,2,car,911,1151,483,583,240,100,0.7419249
13,2,car,933,1154,486,582,221,96,0.7985575
14,2,car,932,1157,485,583,225,98,0.7307193
15,2,car,931,1155,485,584,224,99,0.7525547
16,2,car,930,1157,486,583,227,97,0.782852
17,2,car,912,1151,483,583,239,100,0.6966506
18,2,car,910,1152,483,583,242,100,0.6558999
19,2,car,934,1155,486,583,221,97,0.69318825
20,2,car,933,1155,486,583,222,97,0.7850862
21,2,car,931,1156,487,583,225,96,0.8038395
22,2,car,932,1152,486,583,220,97,0.80983233
23,2,car,910,1152,484,583,242,99,0.78261006
24,2,car,914,1148,484,582,234,98,0.73212177
25,2,car,933,1154,485,583,221,98,0.7367985
26,2,car,912,1150,485,583,238,98,0.73681813
27,2,car,910,1153,484,583,243,99,0.7323254
28,2,car,932,1156,484,583,224,99,0.7341139
29,2,car,934,1152,486,582,218,96,0.84340096
30,2,car,930,1158,483,583,228,100,0.72813904
31,2,car,931,1155,484,582,224,98,0.72715425
32,2,car,932,1156,484,583,224,99,0.76671946
33,2,car,490,629,492,596,139,104,0.7399865
34,2,car,489,630,494,595,141,101,0.73820925
35,2,car,489,630,494,597,141,103,0.7589497
0,2,car,931,1155,485,583,224,98,0.6884334
1,2,car,932,1153,486,583,221,97,0.79814225
2,2,car,933,1151,485,583,218,98,0.75362366
3,2,car,933,1156,485,583,223,98,0.81042093
4,2,car,933,1154,486,583,221,97,0.7761377
5,2,car,933,1153,486,582,220,96,0.73385704
6,2,car,933,1153,486,582,220,96,0.776039
7,2,car,931,1156,486,582,225,96,0.7640865
8,2,car,929,1157,485,583,228,98,0.7647364
9,2,car,932,1156,485,583,224,98,0.7969352
10,2,car,931,1156,486,583,225,97,0.7965262
11,2,car,932,1155,485,583,223,98,0.84369075
12,2,car,930,1154,486,583,224,97,0.78029627
13,2,car,911,1151,483,583,240,100,0.7419249
14,2,car,933,1154,486,582,221,96,0.7985575
15,2,car,932,1157,485,583,225,98,0.7307193
16,2,car,931,1155,485,584,224,99,0.7525547
17,2,car,930,1157,486,583,227,97,0.782852
18,2,car,912,1151,483,583,239,100,0.6966506
19,2,car,910,1152,483,583,242,100,0.6558999
20,2,car,934,1155,486,583,221,97,0.69318825
21,2,car,933,1155,486,583,222,97,0.7850862
22,2,car,931,1156,487,583,225,96,0.8038395
23,2,car,932,1152,486,583,220,97,0.80983233
24,2,car,910,1152,484,583,242,99,0.78261006
25,2,car,914,1148,484,582,234,98,0.73212177
26,2,car,933,1154,485,583,221,98,0.7367985
27,2,car,912,1150,485,583,238,98,0.73681813
28,2,car,910,1153,484,583,243,99,0.7323254
29,2,car,932,1156,484,583,224,99,0.7341139
30,2,car,934,1152,486,582,218,96,0.84340096
31,2,car,930,1158,483,583,228,100,0.72813904
32,2,car,931,1155,484,582,224,98,0.72715425
33,2,car,932,1156,484,583,224,99,0.76671946
34,2,car,490,629,492,596,139,104,0.7399865
35,2,car,489,630,494,595,141,101,0.73820925
36,2,car,489,630,494,597,141,103,0.7589497
0,2,car,912,1151,483,583,239,100,0.701473
1,2,car,931,1155,485,583,224,98,0.6884334
2,2,car,932,1153,486,583,221,97,0.79814225
3,2,car,933,1151,485,583,218,98,0.75362366
4,2,car,933,1156,485,583,223,98,0.81042093
5,2,car,933,1154,486,583,221,97,0.7761377
6,2,car,933,1153,486,582,220,96,0.73385704
7,2,car,933,1153,486,582,220,96,0.776039
8,2,car,931,1156,486,582,225,96,0.7640865
9,2,car,929,1157,485,583,228,98,0.7647364
10,2,car,932,1156,485,583,224,98,0.7969352
11,2,car,931,1156,486,583,225,97,0.7965262
12,2,car,932,1155,485,583,223,98,0.84369075
13,2,car,930,1154,486,583,224,97,0.78029627
14,2,car,911,1151,483,583,240,100,0.7419249
15,2,car,933,1154,486,582,221,96,0.7985575
16,2,car,932,1157,485,583,225,98,0.7307193
17,2,car,931,1155,485,584,224,99,0.7525547
18,2,car,930,1157,486,583,227,97,0.782852
19,2,car,912,1151,483,583,239,100,0.6966506
20,2,car,910,1152,483,583,242,100,0.6558999
21,2,car,934,1155,486,583,221,97,0.69318825
22,2,car,933,1155,486,583,222,97,0.7850862
23,2,car,931,1156,487,583,225,96,0.8038395
24,2,car,932,1152,486,583,220,97,0.80983233
25,2,car,910,1152,484,583,242,99,0.78261006
26,2,car,914,1148,484,582,234,98,0.73212177
27,2,car,933,1154,485,583,221,98,0.7367985
28,2,car,912,1150,485,583,238,98,0.73681813
29,2,car,910,1153,484,583,243,99,0.7323254
30,2,car,932,1156,484,583,224,99,0.7341139
31,2,car,934,1152,486,582,218,96,0.84340096
32,2,car,930,1158,483,583,228,100,0.72813904
33,2,car,931,1155,484,582,224,98,0.72715425
34,2,car,932,1156,484,583,224,99,0.76671946
35,2,car,490,629,492,596,139,104,0.7399865
36,2,car,489,630,494,595,141,101,0.73820925
37,2,car,489,630,494,597,141,103,0.7589497
0,2,car,930,1156,485,583,226,98,0.7982484
1,2,car,912,1151,483,583,239,100,0.701473
2,2,car,931,1155,485,583,224,98,0.6884334
3,2,car,932,1153,486,583,221,97,0.79814225
4,2,car,933,1151,485,583,218,98,0.75362366
5,2,car,933,1156,485,583,223,98,0.81042093
6,2,car,933,1154,486,583,221,97,0.7761377
7,2,car,933,1153,486,582,220,96,0.73385704
8,2,car,933,1153,486,582,220,96,0.776039
9,2,car,931,1156,486,582,225,96,0.7640865
10,2,car,929,1157,485,583,228,98,0.7647364
11,2,car,932,1156,485,583,224,98,0.7969352
12,2,car,931,1156,486,583,225,97,0.7965262
13,2,car,932,1155,485,583,223,98,0.84369075
14,2,car,930,1154,486,583,224,97,0.78029627
15,2,car,911,1151,483,583,240,100,0.7419249
16,2,car,933,1154,486,582,221,96,0.7985575
17,2,car,932,1157,485,583,225,98,0.7307193
18,2,car,931,1155,485,584,224,99,0.7525547
19,2,car,930,1157,486,583,227,97,0.782852
20,2,car,912,1151,483,583,239,100,0.6966506
21,2,car,910,1152,483,583,242,100,0.6558999
22,2,car,934,1155,486,583,221,97,0.69318825
23,2,car,933,1155,486,583,222,97,0.7850862
24,2,car,931,1156,487,583,225,96,0.8038395
25,2,car,932,1152,486,583,220,97,0.80983233
26,2,car,910,1152,484,583,242,99,0.78261006
27,2,car,914,1148,484,582,234,98,0.73212177
28,2,car,933,1154,485,583,221,98,0.7367985
29,2,car,912,1150,485,583,238,98,0.73681813
30,2,car,910,1153,484,583,243,99,0.7323254
31,2,car,932,1156,484,583,224,99,0.7341139
32,2,car,934,1152,486,582,218,96,0.84340096
33,2,car,930,1158,483,583,228,100,0.72813904
34,2,car,931,1155,484,582,224,98,0.72715425
35,2,car,932,1156,484,583,224,99,0.76671946
36,2,car,490,629,492,596,139,104,0.7399865
37,2,car,489,630,494,595,141,101,0.73820925
38,2,car,489,630,494,597,141,103,0.7589497
0,2,car,931,1156,486,583,225,97,0.7827789
1,2,car,930,1156,485,583,226,98,0.7982484
2,2,car,912,1151,483,583,239,100,0.701473
3,2,car,931,1155,485,583,224,98,0.6884334
4,2,car,932,1153,486,583,221,97,0.79814225
5,2,car,933,1151,485,583,218,98,0.75362366
6,2,car,933,1156,485,583,223,98,0.81042093
7,2,car,933,1154,486,583,221,97,0.7761377
8,2,car,933,1153,486,582,220,96,0.73385704
9,2,car,933,1153,486,582,220,96,0.776039
10,2,car,931,1156,486,582,225,96,0.7640865
11,2,car,929,1157,485,583,228,98,0.7647364
12,2,car,932,1156,485,583,224,98,0.7969352
13,2,car,931,1156,486,583,225,97,0.7965262
14,2,car,932,1155,485,583,223,98,0.84369075
15,2,car,930,1154,486,583,224,97,0.78029627
16,2,car,911,1151,483,583,240,100,0.7419249
17,2,car,933,1154,486,582,221,96,0.7985575
18,2,car,932,1157,485,583,225,98,0.7307193
19,2,car,931,1155,485,584,224,99,0.7525547
20,2,car,930,1157,486,583,227,97,0.782852
21,2,car,912,1151,483,583,239,100,0.6966506
22,2,car,910,1152,483,583,242,100,0.6558999
23,2,car,934,1155,486,583,221,97,0.69318825
24,2,car,933,1155,486,583,222,97,0.7850862
25,2,car,931,1156,487,583,225,96,0.8038395
26,2,car,932,1152,486,583,220,97,0.80983233
27,2,car,910,1152,484,583,242,99,0.78261006
28,2,car,914,1148,484,582,234,98,0.73212177
29,2,car,933,1154,485,583,221,98,0.7367985
30,2,car,912,1150,485,583,238,98,0.73681813
31,2,car,910,1153,484,583,243,99,0.7323254
32,2,car,932,1156,484,583,224,99,0.7341139
33,2,car,934,1152,486,582,218,96,0.84340096
34,2,car,930,1158,483,583,228,100,0.72813904
35,2,car,931,1155,484,582,224,98,0.72715425
36,2,car,932,1156,484,583,224,99,0.76671946
37,2,car,490,629,492,596,139,104,0.7399865
38,2,car,489,630,494,595,141,101,0.73820925
39,2,car,489,630,494,597,141,103,0.7589497
0,2,car,931,1156,485,583,225,98,0.74688864
1,2,car,931,1156,486,583,225,97,0.7827789
2,2,car,930,1156,485,583,226,98,0.7982484
3,2,car,912,1151,483,583,239,100,0.701473
4,2,car,931,1155,485,583,224,98,0.6884334
5,2,car,932,1153,486,583,221,97,0.79814225
6,2,car,933,1151,485,583,218,98,0.75362366
7,2,car,933,1156,485,583,223,98,0.81042093
8,2,car,933,1154,486,583,221,97,0.7761377
9,2,car,933,1153,486,582,220,96,0.73385704
10,2,car,933,1153,486,582,220,96,0.776039
11,2,car,931,1156,486,582,225,96,0.7640865
12,2,car,929,1157,485,583,228,98,0.7647364
13,2,car,932,1156,485,583,224,98,0.7969352
14,2,car,931,1156,486,583,225,97,0.7965262
15,2,car,932,1155,485,583,223,98,0.84369075
16,2,car,930,1154,486,583,224,97,0.78029627
17,2,car,911,1151,483,583,240,100,0.7419249
18,2,car,933,1154,486,582,221,96,0.7985575
19,2,car,932,1157,485,583,225,98,0.7307193
20,2,car,931,1155,485,584,224,99,0.7525547
21,2,car,930,1157,486,583,227,97,0.782852
22,2,car,912,1151,483,583,239,100,0.6966506
23,2,car,910,1152,483,583,242,100,0.6558999
24,2,car,934,1155,486,583,221,97,0.69318825
25,2,car,933,1155,486,583,222,97,0.7850862
26,2,car,931,1156,487,583,225,96,0.8038395
27,2,car,932,1152,486,583,220,97,0.80983233
28,2,car,910,1152,484,583,242,99,0.78261006
29,2,car,914,1148,484,582,234,98,0.73212177
30,2,car,933,1154,485,583,221,98,0.7367985
31,2,car,912,1150,485,583,238,98,0.73681813
32,2,car,910,1153,484,583,243,99,0.7323254
33,2,car,932,1156,484,583,224,99,0.7341139
34,2,car,934,1152,486,582,218,96,0.84340096
35,2,car,930,1158,483,583,228,100,0.72813904
36,2,car,931,1155,484,582,224,98,0.72715425
37,2,car,932,1156,484,583,224,99,0.76671946
38,2,car,490,629,492,596,139,104,0.7399865
39,2,car,489,630,494,595,141,101,0.73820925
40,2,car,489,630,494,597,141,103,0.7589497
0,2,car,933,1156,485,584,223,99,0.7676362
1,2,car,931,1156,485,583,225,98,0.74688864
2,2,car,931,1156,486,583,225,97,0.7827789
3,2,car,930,1156,485,583,226,98,0.7982484
4,2,car,912,1151,483,583,239,100,0.701473
5,2,car,931,1155,485,583,224,98,0.6884334
6,2,car,932,1153,486,583,221,97,0.79814225
7,2,car,933,1151,485,583,218,98,0.75362366
8,2,car,933,1156,485,583,223,98,0.81042093
9,2,car,933,1154,486,583,221,97,0.7761377
10,2,car,933,1153,486,582,220,96,0.73385704
11,2,car,933,1153,486,582,220,96,0.776039
12,2,car,931,1156,486,582,225,96,0.7640865
13,2,car,929,1157,485,583,228,98,0.7647364
14,2,car,932,1156,485,583,224,98,0.7969352
15,2,car,931,1156,486,583,225,97,0.7965262
16,2,car,932,1155,485,583,223,98,0.84369075
17,2,car,930,1154,486,583,224,97,0.78029627
18,2,car,911,1151,483,583,240,100,0.7419249
19,2,car,933,1154,486,582,221,96,0.7985575
20,2,car,932,1157,485,583,225,98,0.7307193
21,2,car,931,1155,485,584,224,99,0.7525547
22,2,car,930,1157,486,583,227,97,0.782852
23,2,car,912,1151,483,583,239,100,0.6966506
24,2,car,910,1152,483,583,242,100,0.6558999
25,2,car,934,1155,486,583,221,97,0.69318825
26,2,car,933,1155,486,583,222,97,0.7850862
27,2,car,931,1156,487,583,225,96,0.8038395
28,2,car,932,1152,486,583,220,97,0.80983233
29,2,car,910,1152,484,583,242,99,0.78261006
30,2,car,914,1148,484,582,234,98,0.73212177
31,2,car,933,1154,485,583,221,98,0.7367985
32,2,car,912,1150,485,583,238,98,0.73681813
33,2,car,910,1153,484,583,243,99,0.7323254
34,2,car,932,1156,484,583,224,99,0.7341139
35,2,car,934,1152,486,582,218,96,0.84340096
36,2,car,930,1158,483,583,228,100,0.72813904
37,2,car,931,1155,484,582,224,98,0.72715425
38,2,car,932,1156,484,583,224,99,0.76671946
39,2,car,490,629,492,596,139,104,0.7399865
40,2,car,489,630,494,595,141,101,0.73820925
41,2,car,489,630,494,597,141,103,0.7589497
0,2,car,932,1154,486,583,222,97,0.77904516
1,2,car,933,1156,485,584,223,99,0.7676362
2,2,car,931,1156,485,583,225,98,0.74688864
3,2,car,931,1156,486,583,225,97,0.7827789
4,2,car,930,1156,485,583,226,98,0.7982484
5,2,car,912,1151,483,583,239,100,0.701473
6,2,car,931,1155,485,583,224,98,0.6884334
7,2,car,932,1153,486,583,221,97,0.79814225
8,2,car,933,1151,485,583,218,98,0.75362366
9,2,car,933,1156,485,583,223,98,0.81042093
10,2,car,933,1154,486,583,221,97,0.7761377
11,2,car,933,1153,486,582,220,96,0.73385704
12,2,car,933,1153,486,582,220,96,0.776039
13,2,car,931,1156,486,582,225,96,0.7640865
14,2,car,929,1157,485,583,228,98,0.7647364
15,2,car,932,1156,485,583,224,98,0.7969352
16,2,car,931,1156,486,583,225,97,0.7965262
17,2,car,932,1155,485,583,223,98,0.84369075
18,2,car,930,1154,486,583,224,97,0.78029627
19,2,car,911,1151,483,583,240,100,0.7419249
20,2,car,933,1154,486,582,221,96,0.7985575
21,2,car,932,1157,485,583,225,98,0.7307193
22,2,car,931,1155,485,584,224,99,0.7525547
23,2,car,930,1157,486,583,227,97,0.782852
24,2,car,912,1151,483,583,239,100,0.6966506
25,2,car,910,1152,483,583,242,100,0.6558999
26,2,car,934,1155,486,583,221,97,0.69318825
27,2,car,933,1155,486,583,222,97,0.7850862
28,2,car,931,1156,487,583,225,96,0.8038395
29,2,car,932,1152,486,583,220,97,0.80983233
30,2,car,910,1152,484,583,242,99,0.78261006
31,2,car,914,1148,484,582,234,98,0.73212177
32,2,car,933,1154,485,583,221,98,0.7367985
33,2,car,912,1150,485,583,238,98,0.73681813
34,2,car,910,1153,484,583,243,99,0.7323254
35,2,car,932,1156,484,583,224,99,0.7341139
36,2,car,934,1152,486,582,218,96,0.84340096
37,2,car,930,1158,483,583,228,100,0.72813904
38,2,car,931,1155,484,582,224,98,0.72715425
39,2,car,932,1156,484,583,224,99,0.76671946
40,2,car,490,629,492,596,139,104,0.7399865
41,2,car,489,630,494,595,141,101,0.73820925
42,2,car,489,630,494,597,141,103,0.7589497
0,2,car,931,1155,486,583,224,97,0.78522676
1,2,car,932,1154,486,583,222,97,0.77904516
2,2,car,933,1156,485,584,223,99,0.7676362
3,2,car,931,1156,485,583,225,98,0.74688864
4,2,car,931,1156,486,583,225,97,0.7827789
5,2,car,930,1156,485,583,226,98,0.7982484
6,2,car,912,1151,483,583,239,100,0.701473
7,2,car,931,1155,485,583,224,98,0.6884334
8,2,car,932,1153,486,583,221,97,0.79814225
9,2,car,933,1151,485,583,218,98,0.75362366
10,2,car,933,1156,485,583,223,98,0.81042093
11,2,car,933,1154,486,583,221,97,0.7761377
12,2,car,933,1153,486,582,220,96,0.73385704
13,2,car,933,1153,486,582,220,96,0.776039
14,2,car,931,1156,486,582,225,96,0.7640865
15,2,car,929,1157,485,583,228,98,0.7647364
16,2,car,932,1156,485,583,224,98,0.7969352
17,2,car,931,1156,486,583,225,97,0.7965262
18,2,car,932,1155,485,583,223,98,0.84369075
19,2,car,930,1154,486,583,224,97,0.78029627
20,2,car,911,1151,483,583,240,100,0.7419249
21,2,car,933,1154,486,582,221,96,0.7985575
22,2,car,932,1157,485,583,225,98,0.7307193
23,2,car,931,1155,485,584,224,99,0.7525547
24,2,car,930,1157,486,583,227,97,0.782852
25,2,car,912,1151,483,583,239,100,0.6966506
26,2,car,910,1152,483,583,242,100,0.6558999
27,2,car,934,1155,486,583,221,97,0.69318825
28,2,car,933,1155,486,583,222,97,0.7850862
29,2,car,931,1156,487,583,225,96,0.8038395
30,2,car,932,1152,486,583,220,97,0.80983233
31,2,car,910,1152,484,583,242,99,0.78261006
32,2,car,914,1148,484,582,234,98,0.73212177
33,2,car,933,1154,485,583,221,98,0.7367985
34,2,car,912,1150,485,583,238,98,0.73681813
35,2,car,910,1153,484,583,243,99,0.7323254
36,2,car,932,1156,484,583,224,99,0.7341139
37,2,car,934,1152,486,582,218,96,0.84340096
38,2,car,930,1158,483,583,228,100,0.72813904
39,2,car,931,1155,484,582,224,98,0.72715425
40,2,car,932,1156,484,583,224,99,0.76671946
41,2,car,490,629,492,596,139,104,0.7399865
42,2,car,489,630,494,595,141,101,0.73820925
43,2,car,489,630,494,597,141,103,0.7589497
0,2,car,931,1156,485,584,225,99,0.7510714
1,2,car,931,1155,486,583,224,97,0.78522676
2,2,car,932,1154,486,583,222,97,0.77904516
3,2,car,933,1156,485,584,223,99,0.7676362
4,2,car,931,1156,485,583,225,98,0.74688864
5,2,car,931,1156,486,583,225,97,0.7827789
6,2,car,930,1156,485,583,226,98,0.7982484
7,2,car,912,1151,483,583,239,100,0.701473
8,2,car,931,1155,485,583,224,98,0.6884334
9,2,car,932,1153,486,583,221,97,0.79814225
10,2,car,933,1151,485,583,218,98,0.75362366
11,2,car,933,1156,485,583,223,98,0.81042093
12,2,car,933,1154,486,583,221,97,0.7761377
13,2,car,933,1153,486,582,220,96,0.73385704
14,2,car,933,1153,486,582,220,96,0.776039
15,2,car,931,1156,486,582,225,96,0.7640865
16,2,car,929,1157,485,583,228,98,0.7647364
17,2,car,932,1156,485,583,224,98,0.7969352
18,2,car,931,1156,486,583,225,97,0.7965262
19,2,car,932,1155,485,583,223,98,0.84369075
20,2,car,930,1154,486,583,224,97,0.78029627
21,2,car,911,1151,483,583,240,100,0.7419249
22,2,car,933,1154,486,582,221,96,0.7985575
23,2,car,932,1157,485,583,225,98,0.7307193
24,2,car,931,1155,485,584,224,99,0.7525547
25,2,car,930,1157,486,583,227,97,0.782852
26,2,car,912,1151,483,583,239,100,0.6966506
27,2,car,910,1152,483,583,242,100,0.6558999
28,2,car,934,1155,486,583,221,97,0.69318825
29,2,car,933,1155,486,583,222,97,0.7850862
30,2,car,931,1156,487,583,225,96,0.8038395
31,2,car,932,1152,486,583,220,97,0.80983233
32,2,car,910,1152,484,583,242,99,0.78261006
33,2,car,914,1148,484,582,234,98,0.73212177
34,2,car,933,1154,485,583,221,98,0.7367985
35,2,car,912,1150,485,583,238,98,0.73681813
36,2,car,910,1153,484,583,243,99,0.7323254
37,2,car,932,1156,484,583,224,99,0.7341139
38,2,car,934,1152,486,582,218,96,0.84340096
39,2,car,930,1158,483,583,228,100,0.72813904
40,2,car,931,1155,484,582,224,98,0.72715425
41,2,car,932,1156,484,583,224,99,0.76671946
42,2,car,490,629,492,596,139,104,0.7399865
43,2,car,489,630,494,595,141,101,0.73820925
44,2,car,489,630,494,597,141,103,0.7589497
0,2,car,932,1155,486,583,223,97,0.67591596
1,2,car,931,1156,485,584,225,99,0.7510714
2,2,car,931,1155,486,583,224,97,0.78522676
3,2,car,932,1154,486,583,222,97,0.77904516
4,2,car,933,1156,485,584,223,99,0.7676362
5,2,car,931,1156,485,583,225,98,0.74688864
6,2,car,931,1156,486,583,225,97,0.7827789
7,2,car,930,1156,485,583,226,98,0.7982484
8,2,car,912,1151,483,583,239,100,0.701473
9,2,car,931,1155,485,583,224,98,0.6884334
10,2,car,932,1153,486,583,221,97,0.79814225
11,2,car,933,1151,485,583,218,98,0.75362366
12,2,car,933,1156,485,583,223,98,0.81042093
13,2,car,933,1154,486,583,221,97,0.7761377
14,2,car,933,1153,486,582,220,96,0.73385704
15,2,car,933,1153,486,582,220,96,0.776039
16,2,car,931,1156,486,582,225,96,0.7640865
17,2,car,929,1157,485,583,228,98,0.7647364
18,2,car,932,1156,485,583,224,98,0.7969352
19,2,car,931,1156,486,583,225,97,0.7965262
20,2,car,932,1155,485,583,223,98,0.84369075
21,2,car,930,1154,486,583,224,97,0.78029627
22,2,car,911,1151,483,583,240,100,0.7419249
23,2,car,933,1154,486,582,221,96,0.7985575
24,2,car,932,1157,485,583,225,98,0.7307193
25,2,car,931,1155,485,584,224,99,0.7525547
26,2,car,930,1157,486,583,227,97,0.782852
27,2,car,912,1151,483,583,239,100,0.6966506
28,2,car,910,1152,483,583,242,100,0.6558999
29,2,car,934,1155,486,583,221,97,0.69318825
30,2,car,933,1155,486,583,222,97,0.7850862
31,2,car,931,1156,487,583,225,96,0.8038395
32,2,car,932,1152,486,583,220,97,0.80983233
33,2,car,910,1152,484,583,242,99,0.78261006
34,2,car,914,1148,484,582,234,98,0.73212177
35,2,car,933,1154,485,583,221,98,0.7367985
36,2,car,912,1150,485,583,238,98,0.73681813
37,2,car,910,1153,484,583,243,99,0.7323254
38,2,car,932,1156,484,583,224,99,0.7341139
39,2,car,934,1152,486,582,218,96,0.84340096
40,2,car,930,1158,483,583,228,100,0.72813904
41,2,car,931,1155,484,582,224,98,0.72715425
42,2,car,932,1156,484,583,224,99,0.76671946
43,2,car,490,629,492,596,139,104,0.7399865
44,2,car,489,630,494,595,141,101,0.73820925
45,2,car,489,630,494,597,141,103,0.7589497
0,2,car,913,1150,484,582,237,98,0.73442227
1,2,car,932,1155,486,583,223,97,0.67591596
2,2,car,931,1156,485,584,225,99,0.7510714
3,2,car,931,1155,486,583,224,97,0.78522676
4,2,car,932,1154,486,583,222,97,0.77904516
5,2,car,933,1156,485,584,223,99,0.7676362
6,2,car,931,1156,485,583,225,98,0.74688864
7,2,car,931,1156,486,583,225,97,0.7827789
8,2,car,930,1156,485,583,226,98,0.7982484
9,2,car,912,1151,483,583,239,100,0.701473
10,2,car,931,1155,485,583,224,98,0.6884334
11,2,car,932,1153,486,583,221,97,0.79814225
12,2,car,933,1151,485,583,218,98,0.75362366
13,2,car,933,1156,485,583,223,98,0.81042093
14,2,car,933,1154,486,583,221,97,0.7761377
15,2,car,933,1153,486,582,220,96,0.73385704
16,2,car,933,1153,486,582,220,96,0.776039
17,2,car,931,1156,486,582,225,96,0.7640865
18,2,car,929,1157,485,583,228,98,0.7647364
19,2,car,932,1156,485,583,224,98,0.7969352
20,2,car,931,1156,486,583,225,97,0.7965262
21,2,car,932,1155,485,583,223,98,0.84369075
22,2,car,930,1154,486,583,224,97,0.78029627
23,2,car,911,1151,483,583,240,100,0.7419249
24,2,car,933,1154,486,582,221,96,0.7985575
25,2,car,932,1157,485,583,225,98,0.7307193
26,2,car,931,1155,485,584,224,99,0.7525547
27,2,car,930,1157,486,583,227,97,0.782852
28,2,car,912,1151,483,583,239,100,0.6966506
29,2,car,910,1152,483,583,242,100,0.6558999
30,2,car,934,1155,486,583,221,97,0.69318825
31,2,car,933,1155,486,583,222,97,0.7850862
32,2,car,931,1156,487,583,225,96,0.8038395
33,2,car,932,1152,486,583,220,97,0.80983233
34,2,car,910,1152,484,583,242,99,0.78261006
35,2,car,914,1148,484,582,234,98,0.73212177
36,2,car,933,1154,485,583,221,98,0.7367985
37,2,car,912,1150,485,583,238,98,0.73681813
38,2,car,910,1153,484,583,243,99,0.7323254
39,2,car,932,1156,484,583,224,99,0.7341139
40,2,car,934,1152,486,582,218,96,0.84340096
41,2,car,930,1158,483,583,228,100,0.72813904
42,2,car,931,1155,484,582,224,98,0.72715425
43,2,car,932,1156,484,583,224,99,0.76671946
44,2,car,490,629,492,596,139,104,0.7399865
45,2,car,489,630,494,595,141,101,0.73820925
46,2,car,489,630,494,597,141,103,0.7589497
0,2,car,930,1156,485,583,226,98,0.7362316
1,2,car,913,1150,484,582,237,98,0.73442227
2,2,car,932,1155,486,583,223,97,0.67591596
3,2,car,931,1156,485,584,225,99,0.7510714
4,2,car,931,1155,486,583,224,97,0.78522676
5,2,car,932,1154,486,583,222,97,0.77904516
6,2,car,933,1156,485,584,223,99,0.7676362
7,2,car,931,1156,485,583,225,98,0.74688864
8,2,car,931,1156,486,583,225,97,0.7827789
9,2,car,930,1156,485,583,226,98,0.7982484
10,2,car,912,1151,483,583,239,100,0.701473
11,2,car,931,1155,485,583,224,98,0.6884334
12,2,car,932,1153,486,583,221,97,0.79814225
13,2,car,933,1151,485,583,218,98,0.75362366
14,2,car,933,1156,485,583,223,98,0.81042093
15,2,car,933,1154,486,583,221,97,0.7761377
16,2,car,933,1153,486,582,220,96,0.73385704
17,2,car,933,1153,486,582,220,96,0.776039
18,2,car,931,1156,486,582,225,96,0.7640865
19,2,car,929,1157,485,583,228,98,0.7647364
20,2,car,932,1156,485,583,224,98,0.7969352
21,2,car,931,1156,486,583,225,97,0.7965262
22,2,car,932,1155,485,583,223,98,0.84369075
23,2,car,930,1154,486,583,224,97,0.78029627
24,2,car,911,1151,483,583,240,100,0.7419249
25,2,car,933,1154,486,582,221,96,0.7985575
26,2,car,932,1157,485,583,225,98,0.7307193
27,2,car,931,1155,485,584,224,99,0.7525547
28,2,car,930,1157,486,583,227,97,0.782852
29,2,car,912,1151,483,583,239,100,0.6966506
30,2,car,910,1152,483,583,242,100,0.6558999
31,2,car,934,1155,486,583,221,97,0.69318825
32,2,car,933,1155,486,583,222,97,0.7850862
33,2,car,931,1156,487,583,225,96,0.8038395
34,2,car,932,1152,486,583,220,97,0.80983233
35,2,car,910,1152,484,583,242,99,0.78261006
36,2,car,914,1148,484,582,234,98,0.73212177
37,2,car,933,1154,485,583,221,98,0.7367985
38,2,car,912,1150,485,583,238,98,0.73681813
39,2,car,910,1153,484,583,243,99,0.7323254
40,2,car,932,1156,484,583,224,99,0.7341139
41,2,car,934,1152,486,582,218,96,0.84340096
42,2,car,930,1158,483,583,228,100,0.72813904
43,2,car,931,1155,484,582,224,98,0.72715425
44,2,car,932,1156,484,583,224,99,0.76671946
45,2,car,490,629,492,596,139,104,0.7399865
46,2,car,489,630,494,595,141,101,0.73820925
47,2,car,489,630,494,597,141,103,0.7589497
0,2,car,912,1151,483,583,239,100,0.7294245
1,2,car,930,1156,485,583,226,98,0.7362316
2,2,car,913,1150,484,582,237,98,0.73442227
3,2,car,932,1155,486,583,223,97,0.67591596
4,2,car,931,1156,485,584,225,99,0.7510714
5,2,car,931,1155,486,583,224,97,0.78522676
6,2,car,932,1154,486,583,222,97,0.77904516
7,2,car,933,1156,485,584,223,99,0.7676362
8,2,car,931,1156,485,583,225,98,0.74688864
9,2,car,931,1156,486,583,225,97,0.7827789
10,2,car,930,1156,485,583,226,98,0.7982484
11,2,car,912,1151,483,583,239,100,0.701473
12,2,car,931,1155,485,583,224,98,0.6884334
13,2,car,932,1153,486,583,221,97,0.79814225
14,2,car,933,1151,485,583,218,98,0.75362366
15,2,car,933,1156,485,583,223,98,0.81042093
16,2,car,933,1154,486,583,221,97,0.7761377
17,2,car,933,1153,486,582,220,96,0.73385704
18,2,car,933,1153,486,582,220,96,0.776039
19,2,car,931,1156,486,582,225,96,0.7640865
20,2,car,929,1157,485,583,228,98,0.7647364
21,2,car,932,1156,485,583,224,98,0.7969352
22,2,car,931,1156,486,583,225,97,0.7965262
23,2,car,932,1155,485,583,223,98,0.84369075
24,2,car,930,1154,486,583,224,97,0.78029627
25,2,car,911,1151,483,583,240,100,0.7419249
26,2,car,933,1154,486,582,221,96,0.7985575
27,2,car,932,1157,485,583,225,98,0.7307193
28,2,car,931,1155,485,584,224,99,0.7525547
29,2,car,930,1157,486,583,227,97,0.782852
30,2,car,912,1151,483,583,239,100,0.6966506
31,2,car,910,1152,483,583,242,100,0.6558999
32,2,car,934,1155,486,583,221,97,0.69318825
33,2,car,933,1155,486,583,222,97,0.7850862
34,2,car,931,1156,487,583,225,96,0.8038395
35,2,car,932,1152,486,583,220,97,0.80983233
36,2,car,910,1152,484,583,242,99,0.78261006
37,2,car,914,1148,484,582,234,98,0.73212177
38,2,car,933,1154,485,583,221,98,0.7367985
39,2,car,912,1150,485,583,238,98,0.73681813
40,2,car,910,1153,484,583,243,99,0.7323254
41,2,car,932,1156,484,583,224,99,0.7341139
42,2,car,934,1152,486,582,218,96,0.84340096
43,2,car,930,1158,483,583,228,100,0.72813904
44,2,car,931,1155,484,582,224,98,0.72715425
45,2,car,932,1156,484,583,224,99,0.76671946
46,2,car,490,629,492,596,139,104,0.7399865
47,2,car,489,630,494,595,141,101,0.73820925
48,2,car,489,630,494,597,141,103,0.7589497
0,2,car,931,1153,486,583,222,97,0.79692054
1,2,car,912,1151,483,583,239,100,0.7294245
2,2,car,930,1156,485,583,226,98,0.7362316
3,2,car,913,1150,484,582,237,98,0.73442227
4,2,car,932,1155,486,583,223,97,0.67591596
5,2,car,931,1156,485,584,225,99,0.7510714
6,2,car,931,1155,486,583,224,97,0.78522676
7,2,car,932,1154,486,583,222,97,0.77904516
8,2,car,933,1156,485,584,223,99,0.7676362
9,2,car,931,1156,485,583,225,98,0.74688864
10,2,car,931,1156,486,583,225,97,0.7827789
11,2,car,930,1156,485,583,226,98,0.7982484
12,2,car,912,1151,483,583,239,100,0.701473
13,2,car,931,1155,485,583,224,98,0.6884334
14,2,car,932,1153,486,583,221,97,0.79814225
15,2,car,933,1151,485,583,218,98,0.75362366
16,2,car,933,1156,485,583,223,98,0.81042093
17,2,car,933,1154,486,583,221,97,0.7761377
18,2,car,933,1153,486,582,220,96,0.73385704
19,2,car,933,1153,486,582,220,96,0.776039
20,2,car,931,1156,486,582,225,96,0.7640865
21,2,car,929,1157,485,583,228,98,0.7647364
22,2,car,932,1156,485,583,224,98,0.7969352
23,2,car,931,1156,486,583,225,97,0.7965262
24,2,car,932,1155,485,583,223,98,0.84369075
25,2,car,930,1154,486,583,224,97,0.78029627
26,2,car,911,1151,483,583,240,100,0.7419249
27,2,car,933,1154,486,582,221,96,0.7985575
28,2,car,932,1157,485,583,225,98,0.7307193
29,2,car,931,1155,485,584,224,99,0.7525547
30,2,car,930,1157,486,583,227,97,0.782852
31,2,car,912,1151,483,583,239,100,0.6966506
32,2,car,910,1152,483,583,242,100,0.6558999
33,2,car,934,1155,486,583,221,97,0.69318825
34,2,car,933,1155,486,583,222,97,0.7850862
35,2,car,931,1156,487,583,225,96,0.8038395
36,2,car,932,1152,486,583,220,97,0.80983233
37,2,car,910,1152,484,583,242,99,0.78261006
38,2,car,914,1148,484,582,234,98,0.73212177
39,2,car,933,1154,485,583,221,98,0.7367985
40,2,car,912,1150,485,583,238,98,0.73681813
41,2,car,910,1153,484,583,243,99,0.7323254
42,2,car,932,1156,484,583,224,99,0.7341139
43,2,car,934,1152,486,582,218,96,0.84340096
44,2,car,930,1158,483,583,228,100,0.72813904
45,2,car,931,1155,484,582,224,98,0.72715425
46,2,car,932,1156,484,583,224,99,0.76671946
47,2,car,490,629,492,596,139,104,0.7399865
48,2,car,489,630,494,595,141,101,0.73820925
49,2,car,489,630,494,597,141,103,0.7589497
0,2,car,914,1149,483,583,235,100,0.7690605
1,2,car,931,1153,486,583,222,97,0.79692054
2,2,car,912,1151,483,583,239,100,0.7294245
3,2,car,930,1156,485,583,226,98,0.7362316
4,2,car,913,1150,484,582,237,98,0.73442227
5,2,car,932,1155,486,583,223,97,0.67591596
6,2,car,931,1156,485,584,225,99,0.7510714
7,2,car,931,1155,486,583,224,97,0.78522676
8,2,car,932,1154,486,583,222,97,0.77904516
9,2,car,933,1156,485,584,223,99,0.7676362
10,2,car,931,1156,485,583,225,98,0.74688864
11,2,car,931,1156,486,583,225,97,0.7827789
12,2,car,930,1156,485,583,226,98,0.7982484
13,2,car,912,1151,483,583,239,100,0.701473
14,2,car,931,1155,485,583,224,98,0.6884334
15,2,car,932,1153,486,583,221,97,0.79814225
16,2,car,933,1151,485,583,218,98,0.75362366
17,2,car,933,1156,485,583,223,98,0.81042093
18,2,car,933,1154,486,583,221,97,0.7761377
19,2,car,933,1153,486,582,220,96,0.73385704
20,2,car,933,1153,486,582,220,96,0.776039
21,2,car,931,1156,486,582,225,96,0.7640865
22,2,car,929,1157,485,583,228,98,0.7647364
23,2,car,932,1156,485,583,224,98,0.7969352
24,2,car,931,1156,486,583,225,97,0.7965262
25,2,car,932,1155,485,583,223,98,0.84369075
26,2,car,930,1154,486,583,224,97,0.78029627
27,2,car,911,1151,483,583,240,100,0.7419249
28,2,car,933,1154,486,582,221,96,0.7985575
29,2,car,932,1157,485,583,225,98,0.7307193
30,2,car,931,1155,485,584,224,99,0.7525547
31,2,car,930,1157,486,583,227,97,0.782852
32,2,car,912,1151,483,583,239,100,0.6966506
33,2,car,910,1152,483,583,242,100,0.6558999
34,2,car,934,1155,486,583,221,97,0.69318825
35,2,car,933,1155,486,583,222,97,0.7850862
36,2,car,931,1156,487,583,225,96,0.8038395
37,2,car,932,1152,486,583,220,97,0.80983233
38,2,car,910,1152,484,583,242,99,0.78261006
39,2,car,914,1148,484,582,234,98,0.73212177
40,2,car,933,1154,485,583,221,98,0.7367985
41,2,car,912,1150,485,583,238,98,0.73681813
42,2,car,910,1153,484,583,243,99,0.7323254
43,2,car,932,1156,484,583,224,99,0.7341139
44,2,car,934,1152,486,582,218,96,0.84340096
45,2,car,930,1158,483,583,228,100,0.72813904
46,2,car,931,1155,484,582,224,98,0.72715425
47,2,car,932,1156,484,583,224,99,0.76671946
48,2,car,490,629,492,596,139,104,0.7399865
49,2,car,489,630,494,595,141,101,0.73820925
50,2,car,489,630,494,597,141,103,0.7589497
0,2,car,933,1154,486,583,221,97,0.77150536
1,2,car,914,1149,483,583,235,100,0.7690605
2,2,car,931,1153,486,583,222,97,0.79692054
3,2,car,912,1151,483,583,239,100,0.7294245
4,2,car,930,1156,485,583,226,98,0.7362316
5,2,car,913,1150,484,582,237,98,0.73442227
6,2,car,932,1155,486,583,223,97,0.67591596
7,2,car,931,1156,485,584,225,99,0.7510714
8,2,car,931,1155,486,583,224,97,0.78522676
9,2,car,932,1154,486,583,222,97,0.77904516
10,2,car,933,1156,485,584,223,99,0.7676362
11,2,car,931,1156,485,583,225,98,0.74688864
12,2,car,931,1156,486,583,225,97,0.7827789
13,2,car,930,1156,485,583,226,98,0.7982484
14,2,car,912,1151,483,583,239,100,0.701473
15,2,car,931,1155,485,583,224,98,0.6884334
16,2,car,932,1153,486,583,221,97,0.79814225
17,2,car,933,1151,485,583,218,98,0.75362366
18,2,car,933,1156,485,583,223,98,0.81042093
19,2,car,933,1154,486,583,221,97,0.7761377
20,2,car,933,1153,486,582,220,96,0.73385704
21,2,car,933,1153,486,582,220,96,0.776039
22,2,car,931,1156,486,582,225,96,0.7640865
23,2,car,929,1157,485,583,228,98,0.7647364
24,2,car,932,1156,485,583,224,98,0.7969352
25,2,car,931,1156,486,583,225,97,0.7965262
26,2,car,932,1155,485,583,223,98,0.84369075
27,2,car,930,1154,486,583,224,97,0.78029627
28,2,car,911,1151,483,583,240,100,0.7419249
29,2,car,933,1154,486,582,221,96,0.7985575
30,2,car,932,1157,485,583,225,98,0.7307193
31,2,car,931,1155,485,584,224,99,0.7525547
32,2,car,930,1157,486,583,227,97,0.782852
33,2,car,912,1151,483,583,239,100,0.6966506
34,2,car,910,1152,483,583,242,100,0.6558999
35,2,car,934,1155,486,583,221,97,0.69318825
36,2,car,933,1155,486,583,222,97,0.7850862
37,2,car,931,1156,487,583,225,96,0.8038395
38,2,car,932,1152,486,583,220,97,0.80983233
39,2,car,910,1152,484,583,242,99,0.78261006
40,2,car,914,1148,484,582,234,98,0.73212177
41,2,car,933,1154,485,583,221,98,0.7367985
42,2,car,912,1150,485,583,238,98,0.73681813
43,2,car,910,1153,484,583,243,99,0.7323254
44,2,car,932,1156,484,583,224,99,0.7341139
45,2,car,934,1152,486,582,218,96,0.84340096
46,2,car,930,1158,483,583,228,100,0.72813904
47,2,car,931,1155,484,582,224,98,0.72715425
48,2,car,932,1156,484,583,224,99,0.76671946
49,2,car,490,629,492,596,139,104,0.7399865
50,2,car,489,630,494,595,141,101,0.73820925
51,2,car,489,630,494,597,141,103,0.7589497
0,2,car,933,1153,485,584,220,99,0.6999593
1,2,car,933,1154,486,583,221,97,0.77150536
2,2,car,914,1149,483,583,235,100,0.7690605
3,2,car,931,1153,486,583,222,97,0.79692054
4,2,car,912,1151,483,583,239,100,0.7294245
5,2,car,930,1156,485,583,226,98,0.7362316
6,2,car,913,1150,484,582,237,98,0.73442227
7,2,car,932,1155,486,583,223,97,0.67591596
8,2,car,931,1156,485,584,225,99,0.7510714
9,2,car,931,1155,486,583,224,97,0.78522676
10,2,car,932,1154,486,583,222,97,0.77904516
11,2,car,933,1156,485,584,223,99,0.7676362
12,2,car,931,1156,485,583,225,98,0.74688864
13,2,car,931,1156,486,583,225,97,0.7827789
14,2,car,930,1156,485,583,226,98,0.7982484
15,2,car,912,1151,483,583,239,100,0.701473
16,2,car,931,1155,485,583,224,98,0.6884334
17,2,car,932,1153,486,583,221,97,0.79814225
18,2,car,933,1151,485,583,218,98,0.75362366
19,2,car,933,1156,485,583,223,98,0.81042093
20,2,car,933,1154,486,583,221,97,0.7761377
21,2,car,933,1153,486,582,220,96,0.73385704
22,2,car,933,1153,486,582,220,96,0.776039
23,2,car,931,1156,486,582,225,96,0.7640865
24,2,car,929,1157,485,583,228,98,0.7647364
25,2,car,932,1156,485,583,224,98,0.7969352
26,2,car,931,1156,486,583,225,97,0.7965262
27,2,car,932,1155,485,583,223,98,0.84369075
28,2,car,930,1154,486,583,224,97,0.78029627
29,2,car,911,1151,483,583,240,100,0.7419249
30,2,car,933,1154,486,582,221,96,0.7985575
31,2,car,932,1157,485,583,225,98,0.7307193
32,2,car,931,1155,485,584,224,99,0.7525547
33,2,car,930,1157,486,583,227,97,0.782852
34,2,car,912,1151,483,583,239,100,0.6966506
35,2,car,910,1152,483,583,242,100,0.6558999
36,2,car,934,1155,486,583,221,97,0.69318825
37,2,car,933,1155,486,583,222,97,0.7850862
38,2,car,931,1156,487,583,225,96,0.8038395
39,2,car,932,1152,486,583,220,97,0.80983233
40,2,car,910,1152,484,583,242,99,0.78261006
41,2,car,914,1148,484,582,234,98,0.73212177
42,2,car,933,1154,485,583,221,98,0.7367985
43,2,car,912,1150,485,583,238,98,0.73681813
44,2,car,910,1153,484,583,243,99,0.7323254
45,2,car,932,1156,484,583,224,99,0.7341139
46,2,car,934,1152,486,582,218,96,0.84340096
47,2,car,930,1158,483,583,228,100,0.72813904
48,2,car,931,1155,484,582,224,98,0.72715425
49,2,car,932,1156,484,583,224,99,0.76671946
50,2,car,490,629,492,596,139,104,0.7399865
51,2,car,489,630,494,595,141,101,0.73820925
52,2,car,489,630,494,597,141,103,0.7589497
0,2,car,932,1154,486,583,222,97,0.78175277
1,2,car,933,1153,485,584,220,99,0.6999593
2,2,car,933,1154,486,583,221,97,0.77150536
3,2,car,914,1149,483,583,235,100,0.7690605
4,2,car,931,1153,486,583,222,97,0.79692054
5,2,car,912,1151,483,583,239,100,0.7294245
6,2,car,930,1156,485,583,226,98,0.7362316
7,2,car,913,1150,484,582,237,98,0.73442227
8,2,car,932,1155,486,583,223,97,0.67591596
9,2,car,931,1156,485,584,225,99,0.7510714
10,2,car,931,1155,486,583,224,97,0.78522676
11,2,car,932,1154,486,583,222,97,0.77904516
12,2,car,933,1156,485,584,223,99,0.7676362
13,2,car,931,1156,485,583,225,98,0.74688864
14,2,car,931,1156,486,583,225,97,0.7827789
15,2,car,930,1156,485,583,226,98,0.7982484
16,2,car,912,1151,483,583,239,100,0.701473
17,2,car,931,1155,485,583,224,98,0.6884334
18,2,car,932,1153,486,583,221,97,0.79814225
19,2,car,933,1151,485,583,218,98,0.75362366
20,2,car,933,1156,485,583,223,98,0.81042093
21,2,car,933,1154,486,583,221,97,0.7761377
22,2,car,933,1153,486,582,220,96,0.73385704
23,2,car,933,1153,486,582,220,96,0.776039
24,2,car,931,1156,486,582,225,96,0.7640865
25,2,car,929,1157,485,583,228,98,0.7647364
26,2,car,932,1156,485,583,224,98,0.7969352
27,2,car,931,1156,486,583,225,97,0.7965262
28,2,car,932,1155,485,583,223,98,0.84369075
29,2,car,930,1154,486,583,224,97,0.78029627
30,2,car,911,1151,483,583,240,100,0.7419249
31,2,car,933,1154,486,582,221,96,0.7985575
32,2,car,932,1157,485,583,225,98,0.7307193
33,2,car,931,1155,485,584,224,99,0.7525547
34,2,car,930,1157,486,583,227,97,0.782852
35,2,car,912,1151,483,583,239,100,0.6966506
36,2,car,910,1152,483,583,242,100,0.6558999
37,2,car,934,1155,486,583,221,97,0.69318825
38,2,car,933,1155,486,583,222,97,0.7850862
39,2,car,931,1156,487,583,225,96,0.8038395
40,2,car,932,1152,486,583,220,97,0.80983233
41,2,car,910,1152,484,583,242,99,0.78261006
42,2,car,914,1148,484,582,234,98,0.73212177
43,2,car,933,1154,485,583,221,98,0.7367985
44,2,car,912,1150,485,583,238,98,0.73681813
45,2,car,910,1153,484,583,243,99,0.7323254
46,2,car,932,1156,484,583,224,99,0.7341139
47,2,car,934,1152,486,582,218,96,0.84340096
48,2,car,930,1158,483,583,228,100,0.72813904
49,2,car,931,1155,484,582,224,98,0.72715425
50,2,car,932,1156,484,583,224,99,0.76671946
51,2,car,490,629,492,596,139,104,0.7399865
52,2,car,489,630,494,595,141,101,0.73820925
53,2,car,489,630,494,597,141,103,0.7589497
0,2,car,912,1151,484,582,239,98,0.7381
1,2,car,932,1154,486,583,222,97,0.78175277
2,2,car,933,1153,485,584,220,99,0.6999593
3,2,car,933,1154,486,583,221,97,0.77150536
4,2,car,914,1149,483,583,235,100,0.7690605
5,2,car,931,1153,486,583,222,97,0.79692054
6,2,car,912,1151,483,583,239,100,0.7294245
7,2,car,930,1156,485,583,226,98,0.7362316
8,2,car,913,1150,484,582,237,98,0.73442227
9,2,car,932,1155,486,583,223,97,0.67591596
10,2,car,931,1156,485,584,225,99,0.7510714
11,2,car,931,1155,486,583,224,97,0.78522676
12,2,car,932,1154,486,583,222,97,0.77904516
13,2,car,933,1156,485,584,223,99,0.7676362
14,2,car,931,1156,485,583,225,98,0.74688864
15,2,car,931,1156,486,583,225,97,0.7827789
16,2,car,930,1156,485,583,226,98,0.7982484
17,2,car,912,1151,483,583,239,100,0.701473
18,2,car,931,1155,485,583,224,98,0.6884334
19,2,car,932,1153,486,583,221,97,0.79814225
20,2,car,933,1151,485,583,218,98,0.75362366
21,2,car,933,1156,485,583,223,98,0.81042093
22,2,car,933,1154,486,583,221,97,0.7761377
23,2,car,933,1153,486,582,220,96,0.73385704
24,2,car,933,1153,486,582,220,96,0.776039
25,2,car,931,1156,486,582,225,96,0.7640865
26,2,car,929,1157,485,583,228,98,0.7647364
27,2,car,932,1156,485,583,224,98,0.7969352
28,2,car,931,1156,486,583,225,97,0.7965262
29,2,car,932,1155,485,583,223,98,0.84369075
30,2,car,930,1154,486,583,224,97,0.78029627
31,2,car,911,1151,483,583,240,100,0.7419249
32,2,car,933,1154,486,582,221,96,0.7985575
33,2,car,932,1157,485,583,225,98,0.7307193
34,2,car,931,1155,485,584,224,99,0.7525547
35,2,car,930,1157,486,583,227,97,0.782852
36,2,car,912,1151,483,583,239,100,0.6966506
37,2,car,910,1152,483,583,242,100,0.6558999
38,2,car,934,1155,486,583,221,97,0.69318825
39,2,car,933,1155,486,583,222,97,0.7850862
40,2,car,931,1156,487,583,225,96,0.8038395
41,2,car,932,1152,486,583,220,97,0.80983233
42,2,car,910,1152,484,583,242,99,0.78261006
43,2,car,914,1148,484,582,234,98,0.73212177
44,2,car,933,1154,485,583,221,98,0.7367985
45,2,car,912,1150,485,583,238,98,0.73681813
46,2,car,910,1153,484,583,243,99,0.7323254
47,2,car,932,1156,484,583,224,99,0.7341139
48,2,car,934,1152,486,582,218,96,0.84340096
49,2,car,930,1158,483,583,228,100,0.72813904
50,2,car,931,1155,484,582,224,98,0.72715425
51,2,car,932,1156,484,583,224,99,0.76671946
52,2,car,490,629,492,596,139,104,0.7399865
53,2,car,489,630,494,595,141,101,0.73820925
54,2,car,489,630,494,597,141,103,0.7589497
