,cid,label,left,right,top,bottom,width,height,score
0,2,car,949,1216,493,590,267,97,0.89358896
0,2,car,948,1219,492,590,271,98,0.92152417
1,2,car,949,1216,493,590,267,97,0.89358896
0,2,car,948,1218,492,591,270,99,0.88811177
1,2,car,948,1219,492,590,271,98,0.92152417
2,2,car,949,1216,493,590,267,97,0.89358896
0,2,car,825,1016,484,583,191,99,0.95586693
1,2,car,948,1218,492,591,270,99,0.88811177
2,2,car,948,1219,492,590,271,98,0.92152417
3,2,car,949,1216,493,590,267,97,0.89358896
0,2,car,824,1016,485,583,192,98,0.9334983
1,2,car,825,1016,484,583,191,99,0.95586693
2,2,car,948,1218,492,591,270,99,0.88811177
3,2,car,948,1219,492,590,271,98,0.92152417
4,2,car,949,1216,493,590,267,97,0.89358896
0,2,car,825,1015,485,583,190,98,0.95079404
1,2,car,824,1016,485,583,192,98,0.9334983
2,2,car,825,1016,484,583,191,99,0.95586693
3,2,car,948,1218,492,591,270,99,0.88811177
4,2,car,948,1219,492,590,271,98,0.92152417
5,2,car,949,1216,493,590,267,97,0.89358896
0,2,car,826,1015,485,583,189,98,0.9468186
1,2,car,825,1015,485,583,190,98,0.95079404
2,2,car,824,1016,485,583,192,98,0.9334983
3,2,car,825,1016,484,583,191,99,0.95586693
4,2,car,948,1218,492,591,270,99,0.88811177
5,2,car,948,1219,492,590,271,98,0.92152417
6,2,car,949,1216,493,590,267,97,0.89358896
0,2,car,837,1009,484,584,172,100,0.9276806
1,2,car,826,1015,485,583,189,98,0.9468186
2,2,car,825,1015,485,583,190,98,0.95079404
3,2,car,824,1016,485,583,192,98,0.9334983
4,2,car,825,1016,484,583,191,99,0.95586693
5,2,car,948,1218,492,591,270,99,0.88811177
6,2,car,948,1219,492,590,271,98,0.92152417
7,2,car,949,1216,493,590,267,97,0.89358896
0,2,car,836,1008,483,583,172,100,0.93972975
1,2,car,837,1009,484,584,172,100,0.9276806
2,2,car,826,1015,485,583,189,98,0.9468186
3,2,car,825,1015,485,583,190,98,0.95079404
4,2,car,824,1016,485,583,192,98,0.9334983
5,2,car,825,1016,484,583,191,99,0.95586693
6,2,car,948,1218,492,591,270,99,0.88811177
7,2,car,948,1219,492,590,271,98,0.92152417
8,2,car,949,1216,493,590,267,97,0.89358896
0,2,car,837,1011,483,584,174,101,0.941728
1,2,car,836,1008,483,583,172,100,0.93972975
2,2,car,837,1009,484,584,172,100,0.9276806
3,2,car,826,1015,485,583,189,98,0.9468186
4,2,car,825,1015,485,583,190,98,0.95079404
5,2,car,824,1016,485,583,192,98,0.9334983
6,2,car,825,1016,484,583,191,99,0.95586693
7,2,car,948,1218,492,591,270,99,0.88811177
8,2,car,948,1219,492,590,271,98,0.92152417
9,2,car,949,1216,493,590,267,97,0.89358896
0,2,car,827,1016,485,584,189,99,0.9449624
1,2,car,837,1011,483,584,174,101,0.941728
2,2,car,836,1008,483,583,172,100,0.93972975
3,2,car,837,1009,484,584,172,100,0.9276806
4,2,car,826,1015,485,583,189,98,0.9468186
5,2,car,825,1015,485,583,190,98,0.95079404
6,2,car,824,1016,485,583,192,98,0.9334983
7,2,car,825,1016,484,583,191,99,0.95586693
8,2,car,948,1218,492,591,270,99,0.88811177
9,2,car,948,1219,492,590,271,98,0.92152417
10,2,car,949,1216,493,590,267,97,0.89358896
0,2,car,823,1016,485,583,193,98,0.96238464
1,2,car,827,1016,485,584,189,99,0.9449624
2,2,car,837,1011,483,584,174,101,0.941728
3,2,car,836,1008,483,583,172,100,0.93972975
4,2,car,837,1009,484,584,172,100,0.9276806
5,2,car,826,1015,485,583,189,98,0.9468186
6,2,car,825,1015,485,583,190,98,0.95079404
7,2,car,824,1016,485,583,192,98,0.9334983
8,2,car,825,1016,484,583,191,99,0.95586693
9,2,car,948,1218,492,591,270,99,0.88811177
10,2,car,948,1219,492,590,271,98,0.92152417
11,2,car,949,1216,493,590,267,97,0.89358896
0,2,car,822,1014,484,583,192,99,0.94938517
1,2,car,823,1016,485,583,193,98,0.96238464
2,2,car,827,1016,485,584,189,99,0.9449624
3,2,car,837,1011,483,584,174,101,0.941728
4,2,car,836,1008,483,583,172,100,0.93972975
5,2,car,837,1009,484,584,172,100,0.9276806
6,2,car,826,1015,485,583,189,98,0.9468186
7,2,car,825,1015,485,583,190,98,0.95079404
8,2,car,824,1016,485,583,192,98,0.9334983
9,2,car,825,1016,484,583,191,99,0.95586693
10,2,car,948,1218,492,591,270,99,0.88811177
11,2,car,948,1219,492,590,271,98,0.92152417
12,2,car,949,1216,493,590,267,97,0.89358896
0,2,car,837,1010,483,583,173,100,0.9346093
1,2,car,822,1014,484,583,192,99,0.94938517
2,2,car,823,1016,485,583,193,98,0.96238464
3,2,car,827,1016,485,584,189,99,0.9449624
4,2,car,837,1011,483,584,174,101,0.941728
5,2,car,836,1008,483,583,172,100,0.93972975
6,2,car,837,1009,484,584,172,100,0.9276806
7,2,car,826,1015,485,583,189,98,0.9468186
8,2,car,825,1015,485,583,190,98,0.95079404
9,2,car,824,1016,485,583,192,98,0.9334983
10,2,car,825,1016,484,583,191,99,0.95586693
11,2,car,948,1218,492,591,270,99,0.88811177
12,2,car,948,1219,492,590,271,98,0.92152417
13,2,car,949,1216,493,590,267,97,0.89358896
0,2,car,826,1015,485,584,189,99,0.94670254
1,2,car,837,1010,483,583,173,100,0.9346093
2,2,car,822,1014,484,583,192,99,0.94938517
3,2,car,823,1016,485,583,193,98,0.96238464
4,2,car,827,1016,485,584,189,99,0.9449624
5,2,car,837,1011,483,584,174,101,0.941728
6,2,car,836,1008,483,583,172,100,0.93972975
7,2,car,837,1009,484,584,172,100,0.9276806
8,2,car,826,1015,485,583,189,98,0.9468186
9,2,car,825,1015,485,583,190,98,0.95079404
10,2,car,824,1016,485,583,192,98,0.9334983
11,2,car,825,1016,484,583,191,99,0.95586693
12,2,car,948,1218,492,591,270,99,0.88811177
13,2,car,948,1219,492,590,271,98,0.92152417
14,2,car,949,1216,493,590,267,97,0.89358896
0,2,car,837,1009,483,584,172,101,0.9326966
1,2,car,826,1015,485,584,189,99,0.94670254
2,2,car,837,1010,483,583,173,100,0.9346093
3,2,car,822,1014,484,583,192,99,0.94938517
4,2,car,823,1016,485,583,193,98,0.96238464
5,2,car,827,1016,485,584,189,99,0.9449624
6,2,car,837,1011,483,584,174,101,0.941728
7,2,car,836,1008,483,583,172,100,0.93972975
8,2,car,837,1009,484,584,172,100,0.9276806
9,2,car,826,1015,485,583,189,98,0.9468186
10,2,car,825,1015,485,583,190,98,0.95079404
11,2,car,824,1016,485,583,192,98,0.9334983
12,2,car,825,1016,484,583,191,99,0.95586693
13,2,car,948,1218,492,591,270,99,0.88811177
14,2,car,948,1219,492,590,271,98,0.92152417
15,2,car,949,1216,493,590,267,97,0.89358896
0,2,car,825,1014,484,582,189,98,0.96434176
1,2,car,837,1009,483,584,172,101,0.9326966
2,2,car,826,1015,485,584,189,99,0.94670254
3,2,car,837,1010,483,583,173,100,0.9346093
4,2,car,822,1014,484,583,192,99,0.94938517
5,2,car,823,1016,485,583,193,98,0.96238464
6,2,car,827,1016,485,584,189,99,0.9449624
7,2,car,837,1011,483,584,174,101,0.941728
8,2,car,836,1008,483,583,172,100,0.93972975
9,2,car,837,1009,484,584,172,100,0.9276806
10,2,car,826,1015,485,583,189,98,0.9468186
11,2,car,825,1015,485,583,190,98,0.95079404
12,2,car,824,1016,485,583,192,98,0.9334983
13,2,car,825,1016,484,583,191,99,0.95586693
14,2,car,948,1218,492,591,270,99,0.88811177
15,2,car,948,1219,492,590,271,98,0.92152417
16,2,car,949,1216,493,590,267,97,0.89358896
0,2,car,837,1010,483,584,173,101,0.9337229
1,2,car,825,1014,484,582,189,98,0.96434176
2,2,car,837,1009,483,584,172,101,0.9326966
3,2,car,826,1015,485,584,189,99,0.94670254
4,2,car,837,1010,483,583,173,100,0.9346093
5,2,car,822,1014,484,583,192,99,0.94938517
6,2,car,823,1016,485,583,193,98,0.96238464
7,2,car,827,1016,485,584,189,99,0.9449624
8,2,car,837,1011,483,584,174,101,0.941728
9,2,car,836,1008,483,583,172,100,0.93972975
10,2,car,837,1009,484,584,172,100,0.9276806
11,2,car,826,1015,485,583,189,98,0.9468186
12,2,car,825,1015,485,583,190,98,0.95079404
13,2,car,824,1016,485,583,192,98,0.9334983
14,2,car,825,1016,484,583,191,99,0.95586693
15,2,car,948,1218,492,591,270,99,0.88811177
16,2,car,948,1219,492,590,271,98,0.92152417
17,2,car,949,1216,493,590,267,97,0.89358896
0,2,car,837,1009,483,584,172,101,0.94395465
1,2,car,837,1010,483,584,173,101,0.9337229
2,2,car,825,1014,484,582,189,98,0.96434176
3,2,car,837,1009,483,584,172,101,0.9326966
4,2,car,826,1015,485,584,189,99,0.94670254
5,2,car,837,1010,483,583,173,100,0.9346093
6,2,car,822,1014,484,583,192,99,0.94938517
7,2,car,823,1016,485,583,193,98,0.96238464
8,2,car,827,1016,485,584,189,99,0.9449624
9,2,car,837,1011,483,584,174,101,0.941728
10,2,car,836,1008,483,583,172,100,0.93972975
11,2,car,837,1009,484,584,172,100,0.9276806
12,2,car,826,1015,485,583,189,98,0.9468186
13,2,car,825,1015,485,583,190,98,0.95079404
14,2,car,824,1016,485,583,192,98,0.9334983
15,2,car,825,1016,484,583,191,99,0.95586693
16,2,car,948,1218,492,591,270,99,0.88811177
17,2,car,948,1219,492,590,271,98,0.92152417
18,2,car,949,1216,493,590,267,97,0.89358896
0,2,car,825,1015,484,583,190,99,0.94112027
1,2,car,837,1009,483,584,172,101,0.94395465
2,2,car,837,1010,483,584,173,101,0.9337229
3,2,car,825,1014,484,582,189,98,0.96434176
4,2,car,837,1009,483,584,172,101,0.9326966
5,2,car,826,1015,485,584,189,99,0.94670254
6,2,car,837,1010,483,583,173,100,0.9346093
7,2,car,822,1014,484,583,192,99,0.94938517
8,2,car,823,1016,485,583,193,98,0.96238464
9,2,car,827,1016,485,584,189,99,0.9449624
10,2,car,837,1011,483,584,174,101,0.941728
11,2,car,836,1008,483,583,172,100,0.93972975
12,2,car,837,1009,484,584,172,100,0.9276806
13,2,car,826,1015,485,583,189,98,0.9468186
14,2,car,825,1015,485,583,190,98,0.95079404
15,2,car,824,1016,485,583,192,98,0.9334983
16,2,car,825,1016,484,583,191,99,0.95586693
17,2,car,948,1218,492,591,270,99,0.88811177
18,2,car,948,1219,492,590,271,98,0.92152417
19,2,car,949,1216,493,590,267,97,0.89358896
0,2,car,825,1014,485,583,189,98,0.9472759
1,2,car,825,1015,484,583,190,99,0.94112027
2,2,car,837,1009,483,584,172,101,0.94395465
3,2,car,837,1010,483,584,173,101,0.9337229
4,2,car,825,1014,484,582,189,98,0.96434176
5,2,car,837,1009,483,584,172,101,0.9326966
6,2,car,826,1015,485,584,189,99,0.94670254
7,2,car,837,1010,483,583,173,100,0.9346093
8,2,car,822,1014,484,583,192,99,0.94938517
9,2,car,823,1016,485,583,193,98,0.96238464
10,2,car,827,1016,485,584,189,99,0.9449624
11,2,car,837,1011,483,584,174,101,0.941728
12,2,car,836,1008,483,583,172,100,0.93972975
13,2,car,837,1009,484,584,172,100,0.9276806
14,2,car,826,1015,485,583,189,98,0.9468186
15,2,car,825,1015,485,583,190,98,0.95079404
16,2,car,824,1016,485,583,192,98,0.9334983
17,2,car,825,1016,484,583,191,99,0.95586693
18,2,car,948,1218,492,591,270,99,0.88811177
19,2,car,948,1219,492,590,271,98,0.92152417
20,2,car,949,1216,493,590,267,97,0.89358896
0,2,car,824,1014,486,583,190,97,0.9582431
1,2,car,825,1014,485,583,189,98,0.9472759
2,2,car,825,1015,484,583,190,99,0.94112027
3,2,car,837,1009,483,584,172,101,0.94395465
4,2,car,837,1010,483,584,173,101,0.9337229
5,2,car,825,1014,484,582,189,98,0.96434176
6,2,car,837,1009,483,584,172,101,0.9326966
7,2,car,826,1015,485,584,189,99,0.94670254
8,2,car,837,1010,483,583,173,100,0.9346093
9,2,car,822,1014,484,583,192,99,0.94938517
10,2,car,823,1016,485,583,193,98,0.96238464
11,2,car,827,1016,485,584,189,99,0.9449624
12,2,car,837,1011,483,584,174,101,0.941728
13,2,car,836,1008,483,583,172,100,0.93972975
14,2,car,837,1009,484,584,172,100,0.9276806
15,2,car,826,1015,485,583,189,98,0.9468186
16,2,car,825,1015,485,583,190,98,0.95079404
17,2,car,824,1016,485,583,192,98,0.9334983
18,2,car,825,1016,484,583,191,99,0.95586693
19,2,car,948,1218,492,591,270,99,0.88811177
20,2,car,948,1219,492,590,271,98,0.92152417
21,2,car,949,1216,493,590,267,97,0.89358896
0,2,car,821,1014,482,583,193,101,0.94895005
1,2,car,824,1014,486,583,190,97,0.9582431
2,2,car,825,1014,485,583,189,98,0.9472759
3,2,car,825,1015,484,583,190,99,0.94112027
4,2,car,837,1009,483,584,172,101,0.94395465
5,2,car,837,1010,483,584,173,101,0.9337229
6,2,car,825,1014,484,582,189,98,0.96434176
7,2,car,837,1009,483,584,172,101,0.9326966
8,2,car,826,1015,485,584,189,99,0.94670254
9,2,car,837,1010,483,583,173,100,0.9346093
10,2,car,822,1014,484,583,192,99,0.94938517
11,2,car,823,1016,485,583,193,98,0.96238464
12,2,car,827,1016,485,584,189,99,0.9449624
13,2,car,837,1011,483,584,174,101,0.941728
14,2,car,836,1008,483,583,172,100,0.93972975
15,2,car,837,1009,484,584,172,100,0.9276806
16,2,car,826,1015,485,583,189,98,0.9468186
17,2,car,825,1015,485,583,190,98,0.95079404
18,2,car,824,1016,485,583,192,98,0.9334983
19,2,car,825,1016,484,583,191,99,0.95586693
20,2,car,948,1218,492,591,270,99,0.88811177
21,2,car,948,1219,492,590,271,98,0.92152417
22,2,car,949,1216,493,590,267,97,0.89358896
0,2,car,825,1015,485,584,190,99,0.9363741
1,2,car,821,1014,482,583,193,101,0.94895005
2,2,car,824,1014,486,583,190,97,0.9582431
3,2,car,825,1014,485,583,189,98,0.9472759
4,2,car,825,1015,484,583,190,99,0.94112027
5,2,car,837,1009,483,584,172,101,0.94395465
6,2,car,837,1010,483,584,173,101,0.9337229
7,2,car,825,1014,484,582,189,98,0.96434176
8,2,car,837,1009,483,584,172,101,0.9326966
9,2,car,826,1015,485,584,189,99,0.94670254
10,2,car,837,1010,483,583,173,100,0.9346093
11,2,car,822,1014,484,583,192,99,0.94938517
12,2,car,823,1016,485,583,193,98,0.96238464
13,2,car,827,1016,485,584,189,99,0.9449624
14,2,car,837,1011,483,584,174,101,0.941728
15,2,car,836,1008,483,583,172,100,0.93972975
16,2,car,837,1009,484,584,172,100,0.9276806
17,2,car,826,1015,485,583,189,98,0.9468186
18,2,car,825,1015,485,583,190,98,0.95079404
19,2,car,824,1016,485,583,192,98,0.9334983
20,2,car,825,1016,484,583,191,99,0.95586693
21,2,car,948,1218,492,591,270,99,0.88811177
22,2,car,948,1219,492,590,271,98,0.92152417
23,2,car,949,1216,493,590,267,97,0.89358896
0,2,car,823,1013,484,583,190,99,0.9551676
1,2,car,825,1015,485,584,190,99,0.9363741
2,2,car,821,1014,482,583,193,101,0.94895005
3,2,car,824,1014,486,583,190,97,0.9582431
4,2,car,825,1014,485,583,189,98,0.9472759
5,2,car,825,1015,484,583,190,99,0.94112027
6,2,car,837,1009,483,584,172,101,0.94395465
7,2,car,837,1010,483,584,173,101,0.9337229
8,2,car,825,1014,484,582,189,98,0.96434176
9,2,car,837,1009,483,584,172,101,0.9326966
10,2,car,826,1015,485,584,189,99,0.94670254
11,2,car,837,1010,483,583,173,100,0.9346093
12,2,car,822,1014,484,583,192,99,0.94938517
13,2,car,823,1016,485,583,193,98,0.96238464
14,2,car,827,1016,485,584,189,99,0.9449624
15,2,car,837,1011,483,584,174,101,0.941728
16,2,car,836,1008,483,583,172,100,0.93972975
17,2,car,837,1009,484,584,172,100,0.9276806
18,2,car,826,1015,485,583,189,98,0.9468186
19,2,car,825,1015,485,583,190,98,0.95079404
20,2,car,824,1016,485,583,192,98,0.9334983
21,2,car,825,1016,484,583,191,99,0.95586693
22,2,car,948,1218,492,591,270,99,0.88811177
23,2,car,948,1219,492,590,271,98,0.92152417
24,2,car,949,1216,493,590,267,97,0.89358896
0,2,car,845,1014,484,585,169,101,0.9497875
1,2,car,823,1013,484,583,190,99,0.9551676
2,2,car,825,1015,485,584,190,99,0.9363741
3,2,car,821,1014,482,583,193,101,0.94895005
4,2,car,824,1014,486,583,190,97,0.9582431
5,2,car,825,1014,485,583,189,98,0.9472759
6,2,car,825,1015,484,583,190,99,0.94112027
7,2,car,837,1009,483,584,172,101,0.94395465
8,2,car,837,1010,483,584,173,101,0.9337229
9,2,car,825,1014,484,582,189,98,0.96434176
10,2,car,837,1009,483,584,172,101,0.9326966
11,2,car,826,1015,485,584,189,99,0.94670254
12,2,car,837,1010,483,583,173,100,0.9346093
13,2,car,822,1014,484,583,192,99,0.94938517
14,2,car,823,1016,485,583,193,98,0.96238464
15,2,car,827,1016,485,584,189,99,0.9449624
16,2,car,837,1011,483,584,174,101,0.941728
17,2,car,836,1008,483,583,172,100,0.93972975
18,2,car,837,1009,484,584,172,100,0.9276806
19,2,car,826,1015,485,583,189,98,0.9468186
20,2,car,825,1015,485,583,190,98,0.95079404
21,2,car,824,1016,485,583,192,98,0.9334983
22,2,car,825,1016,484,583,191,99,0.95586693
23,2,car,948,1218,492,591,270,99,0.88811177
24,2,car,948,1219,492,590,271,98,0.92152417
25,2,car,949,1216,493,590,267,97,0.89358896
0,2,car,837,1010,483,584,173,101,0.92712927
1,2,car,845,1014,484,585,169,101,0.9497875
2,2,car,823,1013,484,583,190,99,0.9551676
3,2,car,825,1015,485,584,190,99,0.9363741
4,2,car,821,1014,482,583,193,101,0.94895005
5,2,car,824,1014,486,583,190,97,0.9582431
6,2,car,825,1014,485,583,189,98,0.9472759
7,2,car,825,1015,484,583,190,99,0.94112027
8,2,car,837,1009,483,584,172,101,0.94395465
9,2,car,837,1010,483,584,173,101,0.9337229
10,2,car,825,1014,484,582,189,98,0.96434176
11,2,car,837,1009,483,584,172,101,0.9326966
12,2,car,826,1015,485,584,189,99,0.94670254
13,2,car,837,1010,483,583,173,100,0.9346093
14,2,car,822,1014,484,583,192,99,0.94938517
15,2,car,823,1016,485,583,193,98,0.96238464
16,2,car,827,1016,485,584,189,99,0.9449624
17,2,car,837,1011,483,584,174,101,0.941728
18,2,car,836,1008,483,583,172,100,0.93972975
19,2,car,837,1009,484,584,172,100,0.9276806
20,2,car,826,1015,485,583,189,98,0.9468186
21,2,car,825,1015,485,583,190,98,0.95079404
22,2,car,824,1016,485,583,192,98,0.9334983
23,2,car,825,1016,484,583,191,99,0.95586693
24,2,car,948,1218,492,591,270,99,0.88811177
25,2,car,948,1219,492,590,271,98,0.92152417
26,2,car,949,1216,493,590,267,97,0.89358896
0,2,car,827,1016,484,582,189,98,0.95167637
1,2,car,837,1010,483,584,173,101,0.92712927
2,2,car,845,1014,484,585,169,101,0.9497875
3,2,car,823,1013,484,583,190,99,0.9551676
4,2,car,825,1015,485,584,190,99,0.9363741
5,2,car,821,1014,482,583,193,101,0.94895005
6,2,car,824,1014,486,583,190,97,0.9582431
7,2,car,825,1014,485,583,189,98,0.9472759
8,2,car,825,1015,484,583,190,99,0.94112027
9,2,car,837,1009,483,584,172,101,0.94395465
10,2,car,837,1010,483,584,173,101,0.9337229
11,2,car,825,1014,484,582,189,98,0.96434176
12,2,car,837,1009,483,584,172,101,0.9326966
13,2,car,826,1015,485,584,189,99,0.94670254
14,2,car,837,1010,483,583,173,100,0.9346093
15,2,car,822,1014,484,583,192,99,0.94938517
16,2,car,823,1016,485,583,193,98,0.96238464
17,2,car,827,1016,485,584,189,99,0.9449624
18,2,car,837,1011,483,584,174,101,0.941728
19,2,car,836,1008,483,583,172,100,0.93972975
20,2,car,837,1009,484,584,172,100,0.9276806
21,2,car,826,1015,485,583,189,98,0.9468186
22,2,car,825,1015,485,583,190,98,0.95079404
23,2,car,824,1016,485,583,192,98,0.9334983
24,2,car,825,1016,484,583,191,99,0.95586693
25,2,car,948,1218,492,591,270,99,0.88811177
26,2,car,948,1219,492,590,271,98,0.92152417
27,2,car,949,1216,493,590,267,97,0.89358896
0,2,car,838,1010,483,583,172,100,0.9445133
1,2,car,827,1016,484,582,189,98,0.95167637
2,2,car,837,1010,483,584,173,101,0.92712927
3,2,car,845,1014,484,585,169,101,0.9497875
4,2,car,823,1013,484,583,190,99,0.9551676
5,2,car,825,1015,485,584,190,99,0.9363741
6,2,car,821,1014,482,583,193,101,0.94895005
7,2,car,824,1014,486,583,190,97,0.9582431
8,2,car,825,1014,485,583,189,98,0.9472759
9,2,car,825,1015,484,583,190,99,0.94112027
10,2,car,837,1009,483,584,172,101,0.94395465
11,2,car,837,1010,483,584,173,101,0.9337229
12,2,car,825,1014,484,582,189,98,0.96434176
13,2,car,837,1009,483,584,172,101,0.9326966
14,2,car,826,1015,485,584,189,99,0.94670254
15,2,car,837,1010,483,583,173,100,0.9346093
16,2,car,822,1014,484,583,192,99,0.94938517
17,2,car,823,1016,485,583,193,98,0.96238464
18,2,car,827,1016,485,584,189,99,0.9449624
19,2,car,837,1011,483,584,174,101,0.941728
20,2,car,836,1008,483,583,172,100,0.93972975
21,2,car,837,1009,484,584,172,100,0.9276806
22,2,car,826,1015,485,583,189,98,0.9468186
23,2,car,825,1015,485,583,190,98,0.95079404
24,2,car,824,1016,485,583,192,98,0.9334983
25,2,car,825,1016,484,583,191,99,0.95586693
26,2,car,948,1218,492,591,270,99,0.88811177
27,2,car,948,1219,492,590,271,98,0.92152417
28,2,car,949,1216,493,590,267,97,0.89358896
0,2,car,826,1015,485,583,189,98,0.9402909
1,2,car,838,1010,483,583,172,100,0.9445133
2,2,car,827,1016,484,582,189,98,0.95167637
3,2,car,837,1010,483,584,173,101,0.92712927
4,2,car,845,1014,484,585,169,101,0.9497875
5,2,car,823,1013,484,583,190,99,0.9551676
6,2,car,825,1015,485,584,190,99,0.9363741
7,2,car,821,1014,482,583,193,101,0.94895005
8,2,car,824,1014,486,583,190,97,0.9582431
9,2,car,825,1014,485,583,189,98,0.9472759
10,2,car,825,1015,484,583,190,99,0.94112027
11,2,car,837,1009,483,584,172,101,0.94395465
12,2,car,837,1010,483,584,173,101,0.9337229
13,2,car,825,1014,484,582,189,98,0.96434176
14,2,car,837,1009,483,584,172,101,0.9326966
15,2,car,826,1015,485,584,189,99,0.94670254
16,2,car,837,1010,483,583,173,100,0.9346093
17,2,car,822,1014,484,583,192,99,0.94938517
18,2,car,823,1016,485,583,193,98,0.96238464
19,2,car,827,1016,485,584,189,99,0.9449624
20,2,car,837,1011,483,584,174,101,0.941728
21,2,car,836,1008,483,583,172,100,0.93972975
22,2,car,837,1009,484,584,172,100,0.9276806
23,2,car,826,1015,485,583,189,98,0.9468186
24,2,car,825,1015,485,583,190,98,0.95079404
25,2,car,824,1016,485,583,192,98,0.9334983
26,2,car,825,1016,484,583,191,99,0.95586693
27,2,car,948,1218,492,591,270,99,0.88811177
28,2,car,948,1219,492,590,271,98,0.92152417
29,2,car,949,1216,493,590,267,97,0.89358896
0,2,car,825,1015,485,583,190,98,0.9455762
1,2,car,826,1015,485,583,189,98,0.9402909
2,2,car,838,1010,483,583,172,100,0.9445133
3,2,car,827,1016,484,582,189,98,0.95167637
4,2,car,837,1010,483,584,173,101,0.92712927
5,2,car,845,1014,484,585,169,101,0.9497875
6,2,car,823,1013,484,583,190,99,0.9551676
7,2,car,825,1015,485,584,190,99,0.9363741
8,2,car,821,1014,482,583,193,101,0.94895005
9,2,car,824,1014,486,583,190,97,0.9582431
10,2,car,825,1014,485,583,189,98,0.9472759
11,2,car,825,1015,484,583,190,99,0.94112027
12,2,car,837,1009,483,584,172,101,0.94395465
13,2,car,837,1010,483,584,173,101,0.9337229
14,2,car,825,1014,484,582,189,98,0.96434176
15,2,car,837,1009,483,584,172,101,0.9326966
16,2,car,826,1015,485,584,189,99,0.94670254
17,2,car,837,1010,483,583,173,100,0.9346093
18,2,car,822,1014,484,583,192,99,0.94938517
19,2,car,823,1016,485,583,193,98,0.96238464
20,2,car,827,1016,485,584,189,99,0.9449624
21,2,car,837,1011,483,584,174,101,0.941728
22,2,car,836,1008,483,583,172,100,0.93972975
23,2,car,837,1009,484,584,172,100,0.9276806
24,2,car,826,1015,485,583,189,98,0.9468186
25,2,car,825,1015,485,583,190,98,0.95079404
26,2,car,824,1016,485,583,192,98,0.9334983
27,2,car,825,1016,484,583,191,99,0.95586693
28,2,car,948,1218,492,591,270,99,0.88811177
29,2,car,948,1219,492,590,271,98,0.92152417
30,2,car,949,1216,493,590,267,97,0.89358896
0,2,car,838,1010,483,583,172,100,0.9490084
1,2,car,825,1015,485,583,190,98,0.9455762
2,2,car,826,1015,485,583,189,98,0.9402909
3,2,car,838,1010,483,583,172,100,0.9445133
4,2,car,827,1016,484,582,189,98,0.95167637
5,2,car,837,1010,483,584,173,101,0.92712927
6,2,car,845,1014,484,585,169,101,0.9497875
7,2,car,823,1013,484,583,190,99,0.9551676
8,2,car,825,1015,485,584,190,99,0.9363741
9,2,car,821,1014,482,583,193,101,0.94895005
10,2,car,824,1014,486,583,190,97,0.9582431
11,2,car,825,1014,485,583,189,98,0.9472759
12,2,car,825,1015,484,583,190,99,0.94112027
13,2,car,837,1009,483,584,172,101,0.94395465
14,2,car,837,1010,483,584,173,101,0.9337229
15,2,car,825,1014,484,582,189,98,0.96434176
16,2,car,837,1009,483,584,172,101,0.9326966
17,2,car,826,1015,485,584,189,99,0.94670254
18,2,car,837,1010,483,583,173,100,0.9346093
19,2,car,822,1014,484,583,192,99,0.94938517
20,2,car,823,1016,485,583,193,98,0.96238464
21,2,car,827,1016,485,584,189,99,0.9449624
22,2,car,837,1011,483,584,174,101,0.941728
23,2,car,836,1008,483,583,172,100,0.93972975
24,2,car,837,1009,484,584,172,100,0.9276806
25,2,car,826,1015,485,583,189,98,0.9468186
26,2,car,825,1015,485,583,190,98,0.95079404
27,2,car,824,1016,485,583,192,98,0.9334983
28,2,car,825,1016,484,583,191,99,0.95586693
29,2,car,948,1218,492,591,270,99,0.88811177
30,2,car,948,1219,492,590,271,98,0.92152417
31,2,car,949,1216,493,590,267,97,0.89358896
0,2,car,823,1014,484,583,191,99,0.9389543
1,2,car,838,1010,483,583,172,100,0.9490084
2,2,car,825,1015,485,583,190,98,0.9455762
3,2,car,826,1015,485,583,189,98,0.9402909
4,2,car,838,1010,483,583,172,100,0.9445133
5,2,car,827,1016,484,582,189,98,0.95167637
6,2,car,837,1010,483,584,173,101,0.92712927
7,2,car,845,1014,484,585,169,101,0.9497875
8,2,car,823,1013,484,583,190,99,0.9551676
9,2,car,825,1015,485,584,190,99,0.9363741
10,2,car,821,1014,482,583,193,101,0.94895005
11,2,car,824,1014,486,583,190,97,0.9582431
12,2,car,825,1014,485,583,189,98,0.9472759
13,2,car,825,1015,484,583,190,99,0.94112027
14,2,car,837,1009,483,584,172,101,0.94395465
15,2,car,837,1010,483,584,173,101,0.9337229
16,2,car,825,1014,484,582,189,98,0.96434176
17,2,car,837,1009,483,584,172,101,0.9326966
18,2,car,826,1015,485,584,189,99,0.94670254
19,2,car,837,1010,483,583,173,100,0.9346093
20,2,car,822,1014,484,583,192,99,0.94938517
21,2,car,823,1016,485,583,193,98,0.96238464
22,2,car,827,1016,485,584,189,99,0.9449624
23,2,car,837,1011,483,584,174,101,0.941728
24,2,car,836,1008,483,583,172,100,0.93972975
25,2,car,837,1009,484,584,172,100,0.9276806
26,2,car,826,1015,485,583,189,98,0.9468186
27,2,car,825,1015,485,583,190,98,0.95079404
28,2,car,824,1016,485,583,192,98,0.9334983
29,2,car,825,1016,484,583,191,99,0.95586693
30,2,car,948,1218,492,591,270,99,0.88811177
31,2,car,948,1219,492,590,271,98,0.92152417
32,2,car,949,1216,493,590,267,97,0.89358896
0,2,car,840,1017,485,583,177,98,0.94214207
1,2,car,823,1014,484,583,191,99,0.9389543
2,2,car,838,1010,483,583,172,100,0.9490084
3,2,car,825,1015,485,583,190,98,0.9455762
4,2,car,826,1015,485,583,189,98,0.9402909
5,2,car,838,1010,483,583,172,100,0.9445133
6,2,car,827,1016,484,582,189,98,0.95167637
7,2,car,837,1010,483,584,173,101,0.92712927
8,2,car,845,1014,484,585,169,101,0.9497875
9,2,car,823,1013,484,583,190,99,0.9551676
10,2,car,825,1015,485,584,190,99,0.9363741
11,2,car,821,1014,482,583,193,101,0.94895005
12,2,car,824,1014,486,583,190,97,0.9582431
13,2,car,825,1014,485,583,189,98,0.9472759
14,2,car,825,1015,484,583,190,99,0.94112027
15,2,car,837,1009,483,584,172,101,0.94395465
16,2,car,837,1010,483,584,173,101,0.9337229
17,2,car,825,1014,484,582,189,98,0.96434176
18,2,car,837,1009,483,584,172,101,0.9326966
19,2,car,826,1015,485,584,189,99,0.94670254
20,2,car,837,1010,483,583,173,100,0.9346093
21,2,car,822,1014,484,583,192,99,0.94938517
22,2,car,823,1016,485,583,193,98,0.96238464
23,2,car,827,1016,485,584,189,99,0.9449624
24,2,car,837,1011,483,584,174,101,0.941728
25,2,car,836,1008,483,583,172,100,0.93972975
26,2,car,837,1009,484,584,172,100,0.9276806
27,2,car,826,1015,485,583,189,98,0.9468186
28,2,car,825,1015,485,583,190,98,0.95079404
29,2,car,824,1016,485,583,192,98,0.9334983
30,2,car,825,1016,484,583,191,99,0.95586693
31,2,car,948,1218,492,591,270,99,0.88811177
32,2,car,948,1219,492,590,271,98,0.92152417
33,2,car,949,1216,493,590,267,97,0.89358896
0,2,car,836,1009,483,584,173,101,0.94280165
1,2,car,840,1017,485,583,177,98,0.94214207
2,2,car,823,1014,484,583,191,99,0.9389543
3,2,car,838,1010,483,583,172,100,0.9490084
4,2,car,825,1015,485,583,190,98,0.9455762
5,2,car,826,1015,485,583,189,98,0.9402909
6,2,car,838,1010,483,583,172,100,0.9445133
7,2,car,827,1016,484,582,189,98,0.95167637
8,2,car,837,1010,483,584,173,101,0.92712927
9,2,car,845,1014,484,585,169,101,0.9497875
10,2,car,823,1013,484,583,190,99,0.9551676
11,2,car,825,1015,485,584,190,99,0.9363741
12,2,car,821,1014,482,583,193,101,0.94895005
13,2,car,824,1014,486,583,190,97,0.9582431
14,2,car,825,1014,485,583,189,98,0.9472759
15,2,car,825,1015,484,583,190,99,0.94112027
16,2,car,837,1009,483,584,172,101,0.94395465
17,2,car,837,1010,483,584,173,101,0.9337229
18,2,car,825,1014,484,582,189,98,0.96434176
19,2,car,837,1009,483,584,172,101,0.9326966
20,2,car,826,1015,485,584,189,99,0.94670254
21,2,car,837,1010,483,583,173,100,0.9346093
22,2,car,822,1014,484,583,192,99,0.94938517
23,2,car,823,1016,485,583,193,98,0.96238464
24,2,car,827,1016,485,584,189,99,0.9449624
25,2,car,837,1011,483,584,174,101,0.941728
26,2,car,836,1008,483,583,172,100,0.93972975
27,2,car,837,1009,484,584,172,100,0.9276806
28,2,car,826,1015,485,583,189,98,0.9468186
29,2,car,825,1015,485,583,190,98,0.95079404
30,2,car,824,1016,485,583,192,98,0.9334983
31,2,car,825,1016,484,583,191,99,0.95586693
32,2,car,948,1218,492,591,270,99,0.88811177
33,2,car,948,1219,492,590,271,98,0.92152417
34,2,car,949,1216,493,590,267,97,0.89358896
0,2,car,843,1016,484,584,173,100,0.9407172
1,2,car,836,1009,483,584,173,101,0.94280165
2,2,car,840,1017,485,583,177,98,0.94214207
3,2,car,823,1014,484,583,191,99,0.9389543
4,2,car,838,1010,483,583,172,100,0.9490084
5,2,car,825,1015,485,583,190,98,0.9455762
6,2,car,826,1015,485,583,189,98,0.9402909
7,2,car,838,1010,483,583,172,100,0.9445133
8,2,car,827,1016,484,582,189,98,0.95167637
9,2,car,837,1010,483,584,173,101,0.92712927
10,2,car,845,1014,484,585,169,101,0.9497875
11,2,car,823,1013,484,583,190,99,0.9551676
12,2,car,825,1015,485,584,190,99,0.9363741
13,2,car,821,1014,482,583,193,101,0.94895005
14,2,car,824,1014,486,583,190,97,0.9582431
15,2,car,825,1014,485,583,189,98,0.9472759
16,2,car,825,1015,484,583,190,99,0.94112027
17,2,car,837,1009,483,584,172,101,0.94395465
18,2,car,837,1010,483,584,173,101,0.9337229
19,2,car,825,1014,484,582,189,98,0.96434176
20,2,car,837,1009,483,584,172,101,0.9326966
21,2,car,826,1015,485,584,189,99,0.94670254
22,2,car,837,1010,483,583,173,100,0.9346093
23,2,car,822,1014,484,583,192,99,0.94938517
24,2,car,823,1016,485,583,193,98,0.96238464
25,2,car,827,1016,485,584,189,99,0.9449624
26,2,car,837,1011,483,584,174,101,0.941728
27,2,car,836,1008,483,583,172,100,0.93972975
28,2,car,837,1009,484,584,172,100,0.9276806
29,2,car,826,1015,485,583,189,98,0.9468186
30,2,car,825,1015,485,583,190,98,0.95079404
31,2,car,824,1016,485,583,192,98,0.9334983
32,2,car,825,1016,484,583,191,99,0.95586693
33,2,car,948,1218,492,591,270,99,0.88811177
34,2,car,948,1219,492,590,271,98,0.92152417
35,2,car,949,1216,493,590,267,97,0.89358896
0,2,car,837,1010,483,584,173,101,0.9477576
1,2,car,843,1016,484,584,173,100,0.9407172
2,2,car,836,1009,483,584,173,101,0.94280165
3,2,car,840,1017,485,583,177,98,0.94214207
4,2,car,823,1014,484,583,191,99,0.9389543
5,2,car,838,1010,483,583,172,100,0.9490084
6,2,car,825,1015,485,583,190,98,0.9455762
7,2,car,826,1015,485,583,189,98,0.9402909
8,2,car,838,1010,483,583,172,100,0.9445133
9,2,car,827,1016,484,582,189,98,0.95167637
10,2,car,837,1010,483,584,173,101,0.92712927
11,2,car,845,1014,484,585,169,101,0.9497875
12,2,car,823,1013,484,583,190,99,0.9551676
13,2,car,825,1015,485,584,190,99,0.9363741
14,2,car,821,1014,482,583,193,101,0.94895005
15,2,car,824,1014,486,583,190,97,0.9582431
16,2,car,825,1014,485,583,189,98,0.9472759
17,2,car,825,1015,484,583,190,99,0.94112027
18,2,car,837,1009,483,584,172,101,0.94395465
19,2,car,837,1010,483,584,173,101,0.9337229
20,2,car,825,1014,484,582,189,98,0.96434176
21,2,car,837,1009,483,584,172,101,0.9326966
22,2,car,826,1015,485,584,189,99,0.94670254
23,2,car,837,1010,483,583,173,100,0.9346093
24,2,car,822,1014,484,583,192,99,0.94938517
25,2,car,823,1016,485,583,193,98,0.96238464
26,2,car,827,1016,485,584,189,99,0.9449624
27,2,car,837,1011,483,584,174,101,0.941728
28,2,car,836,1008,483,583,172,100,0.93972975
29,2,car,837,1009,484,584,172,100,0.9276806
30,2,car,826,1015,485,583,189,98,0.9468186
31,2,car,825,1015,485,583,190,98,0.95079404
32,2,car,824,1016,485,583,192,98,0.9334983
33,2,car,825,1016,484,583,191,99,0.95586693
34,2,car,948,1218,492,591,270,99,0.88811177
35,2,car,948,1219,492,590,271,98,0.92152417
36,2,car,949,1216,493,590,267,97,0.89358896
0,2,car,823,1015,486,583,192,97,0.9414781
1,2,car,837,1010,483,584,173,101,0.9477576
2,2,car,843,1016,484,584,173,100,0.9407172
3,2,car,836,1009,483,584,173,101,0.94280165
4,2,car,840,1017,485,583,177,98,0.94214207
5,2,car,823,1014,484,583,191,99,0.9389543
6,2,car,838,1010,483,583,172,100,0.9490084
7,2,car,825,1015,485,583,190,98,0.9455762
8,2,car,826,1015,485,583,189,98,0.9402909
9,2,car,838,1010,483,583,172,100,0.9445133
10,2,car,827,1016,484,582,189,98,0.95167637
11,2,car,837,1010,483,584,173,101,0.92712927
12,2,car,845,1014,484,585,169,101,0.9497875
13,2,car,823,1013,484,583,190,99,0.9551676
14,2,car,825,1015,485,584,190,99,0.9363741
15,2,car,821,1014,482,583,193,101,0.94895005
16,2,car,824,1014,486,583,190,97,0.9582431
17,2,car,825,1014,485,583,189,98,0.9472759
18,2,car,825,1015,484,583,190,99,0.94112027
19,2,car,837,1009,483,584,172,101,0.94395465
20,2,car,837,1010,483,584,173,101,0.9337229
21,2,car,825,1014,484,582,189,98,0.96434176
22,2,car,837,1009,483,584,172,101,0.9326966
23,2,car,826,1015,485,584,189,99,0.94670254
24,2,car,837,1010,483,583,173,100,0.9346093
25,2,car,822,1014,484,583,192,99,0.94938517
26,2,car,823,1016,485,583,193,98,0.96238464
27,2,car,827,1016,485,584,189,99,0.9449624
28,2,car,837,1011,483,584,174,101,0.941728
29,2,car,836,1008,483,583,172,100,0.93972975
30,2,car,837,1009,484,584,172,100,0.9276806
31,2,car,826,1015,485,583,189,98,0.9468186
32,2,car,825,1015,485,583,190,98,0.95079404
33,2,car,824,1016,485,583,192,98,0.9334983
34,2,car,825,1016,484,583,191,99,0.95586693
35,2,car,948,1218,492,591,270,99,0.88811177
36,2,car,948,1219,492,590,271,98,0.92152417
37,2,car,949,1216,493,590,267,97,0.89358896
0,2,car,837,1009,483,583,172,100,0.93919903
1,2,car,823,1015,486,583,192,97,0.9414781
2,2,car,837,1010,483,584,173,101,0.9477576
3,2,car,843,1016,484,584,173,100,0.9407172
4,2,car,836,1009,483,584,173,101,0.94280165
5,2,car,840,1017,485,583,177,98,0.94214207
6,2,car,823,1014,484,583,191,99,0.9389543
7,2,car,838,1010,483,583,172,100,0.9490084
8,2,car,825,1015,485,583,190,98,0.9455762
9,2,car,826,1015,485,583,189,98,0.9402909
10,2,car,838,1010,483,583,172,100,0.9445133
11,2,car,827,1016,484,582,189,98,0.95167637
12,2,car,837,1010,483,584,173,101,0.92712927
13,2,car,845,1014,484,585,169,101,0.9497875
14,2,car,823,1013,484,583,190,99,0.9551676
15,2,car,825,1015,485,584,190,99,0.9363741
16,2,car,821,1014,482,583,193,101,0.94895005
17,2,car,824,1014,486,583,190,97,0.9582431
18,2,car,825,1014,485,583,189,98,0.9472759
19,2,car,825,1015,484,583,190,99,0.94112027
20,2,car,837,1009,483,584,172,101,0.94395465
21,2,car,837,1010,483,584,173,101,0.9337229
22,2,car,825,1014,484,582,189,98,0.96434176
23,2,car,837,1009,483,584,172,101,0.9326966
24,2,car,826,1015,485,584,189,99,0.94670254
25,2,car,837,1010,483,583,173,100,0.9346093
26,2,car,822,1014,484,583,192,99,0.94938517
27,2,car,823,1016,485,583,193,98,0.96238464
28,2,car,827,1016,485,584,189,99,0.9449624
29,2,car,837,1011,483,584,174,101,0.941728
30,2,car,836,1008,483,583,172,100,0.93972975
31,2,car,837,1009,484,584,172,100,0.9276806
32,2,car,826,1015,485,583,189,98,0.9468186
33,2,car,825,1015,485,583,190,98,0.95079404
34,2,car,824,1016,485,583,192,98,0.9334983
35,2,car,825,1016,484,583,191,99,0.95586693
36,2,car,948,1218,492,591,270,99,0.88811177
37,2,car,948,1219,492,590,271,98,0.92152417
38,2,car,949,1216,493,590,267,97,0.89358896
0,2,car,839,1018,485,583,179,98,0.9543991
1,2,car,837,1009,483,583,172,100,0.93919903
2,2,car,823,1015,486,583,192,97,0.9414781
3,2,car,837,1010,483,584,173,101,0.9477576
4,2,car,843,1016,484,584,173,100,0.9407172
5,2,car,836,1009,483,584,173,101,0.94280165
6,2,car,840,1017,485,583,177,98,0.94214207
7,2,car,823,1014,484,583,191,99,0.9389543
8,2,car,838,1010,483,583,172,100,0.9490084
9,2,car,825,1015,485,583,190,98,0.9455762
10,2,car,826,1015,485,583,189,98,0.9402909
11,2,car,838,1010,483,583,172,100,0.9445133
12,2,car,827,1016,484,582,189,98,0.95167637
13,2,car,837,1010,483,584,173,101,0.92712927
14,2,car,845,1014,484,585,169,101,0.9497875
15,2,car,823,1013,484,583,190,99,0.9551676
16,2,car,825,1015,485,584,190,99,0.9363741
17,2,car,821,1014,482,583,193,101,0.94895005
18,2,car,824,1014,486,583,190,97,0.9582431
19,2,car,825,1014,485,583,189,98,0.9472759
20,2,car,825,1015,484,583,190,99,0.94112027
21,2,car,837,1009,483,584,172,101,0.94395465
22,2,car,837,1010,483,584,173,101,0.9337229
23,2,car,825,1014,484,582,189,98,0.96434176
24,2,car,837,1009,483,584,172,101,0.9326966
25,2,car,826,1015,485,584,189,99,0.94670254
26,2,car,837,1010,483,583,173,100,0.9346093
27,2,car,822,1014,484,583,192,99,0.94938517
28,2,car,823,1016,485,583,193,98,0.96238464
29,2,car,827,1016,485,584,189,99,0.9449624
30,2,car,837,1011,483,584,174,101,0.941728
31,2,car,836,1008,483,583,172,100,0.93972975
32,2,car,837,1009,484,584,172,100,0.9276806
33,2,car,826,1015,485,583,189,98,0.9468186
34,2,car,825,1015,485,583,190,98,0.95079404
35,2,car,824,1016,485,583,192,98,0.9334983
36,2,car,825,1016,484,583,191,99,0.95586693
37,2,car,948,1218,492,591,270,99,0.88811177
38,2,car,948,1219,492,590,271,98,0.92152417
39,2,car,949,1216,493,590,267,97,0.89358896
0,2,car,823,1015,485,583,192,98,0.9303034
1,2,car,839,1018,485,583,179,98,0.9543991
2,2,car,837,1009,483,583,172,100,0.93919903
3,2,car,823,1015,486,583,192,97,0.9414781
4,2,car,837,1010,483,584,173,101,0.9477576
5,2,car,843,1016,484,584,173,100,0.9407172
6,2,car,836,1009,483,584,173,101,0.94280165
7,2,car,840,1017,485,583,177,98,0.94214207
8,2,car,823,1014,484,583,191,99,0.9389543
9,2,car,838,1010,483,583,172,100,0.9490084
10,2,car,825,1015,485,583,190,98,0.9455762
11,2,car,826,1015,485,583,189,98,0.9402909
12,2,car,838,1010,483,583,172,100,0.9445133
13,2,car,827,1016,484,582,189,98,0.95167637
14,2,car,837,1010,483,584,173,101,0.92712927
15,2,car,845,1014,484,585,169,101,0.9497875
16,2,car,823,1013,484,583,190,99,0.9551676
17,2,car,825,1015,485,584,190,99,0.9363741
18,2,car,821,1014,482,583,193,101,0.94895005
19,2,car,824,1014,486,583,190,97,0.9582431
20,2,car,825,1014,485,583,189,98,0.9472759
21,2,car,825,1015,484,583,190,99,0.94112027
22,2,car,837,1009,483,584,172,101,0.94395465
23,2,car,837,1010,483,584,173,101,0.9337229
24,2,car,825,1014,484,582,189,98,0.96434176
25,2,car,837,1009,483,584,172,101,0.9326966
26,2,car,826,1015,485,584,189,99,0.94670254
27,2,car,837,1010,483,583,173,100,0.9346093
28,2,car,822,1014,484,583,192,99,0.94938517
29,2,car,823,1016,485,583,193,98,0.96238464
30,2,car,827,1016,485,584,189,99,0.9449624
31,2,car,837,1011,483,584,174,101,0.941728
32,2,car,836,1008,483,583,172,100,0.93972975
33,2,car,837,1009,484,584,172,100,0.9276806
34,2,car,826,1015,485,583,189,98,0.9468186
35,2,car,825,1015,485,583,190,98,0.95079404
36,2,car,824,1016,485,583,192,98,0.9334983
37,2,car,825,1016,484,583,191,99,0.95586693
38,2,car,948,1218,492,591,270,99,0.88811177
39,2,car,948,1219,492,590,271,98,0.92152417
40,2,car,949,1216,493,590,267,97,0.89358896
0,2,car,824,1014,485,584,190,99,0.94536096
1,2,car,823,1015,485,583,192,98,0.9303034
2,2,car,839,1018,485,583,179,98,0.9543991
3,2,car,837,1009,483,583,172,100,0.93919903
4,2,car,823,1015,486,583,192,97,0.9414781
5,2,car,837,1010,483,584,173,101,0.9477576
6,2,car,843,1016,484,584,173,100,0.9407172
7,2,car,836,1009,483,584,173,101,0.94280165
8,2,car,840,1017,485,583,177,98,0.94214207
9,2,car,823,1014,484,583,191,99,0.9389543
10,2,car,838,1010,483,583,172,100,0.9490084
11,2,car,825,1015,485,583,190,98,0.9455762
12,2,car,826,1015,485,583,189,98,0.9402909
13,2,car,838,1010,483,583,172,100,0.9445133
14,2,car,827,1016,484,582,189,98,0.95167637
15,2,car,837,1010,483,584,173,101,0.92712927
16,2,car,845,1014,484,585,169,101,0.9497875
17,2,car,823,1013,484,583,190,99,0.9551676
18,2,car,825,1015,485,584,190,99,0.9363741
19,2,car,821,1014,482,583,193,101,0.94895005
20,2,car,824,1014,486,583,190,97,0.9582431
21,2,car,825,1014,485,583,189,98,0.9472759
22,2,car,825,1015,484,583,190,99,0.94112027
23,2,car,837,1009,483,584,172,101,0.94395465
24,2,car,837,1010,483,584,173,101,0.9337229
25,2,car,825,1014,484,582,189,98,0.96434176
26,2,car,837,1009,483,584,172,101,0.9326966
27,2,car,826,1015,485,584,189,99,0.94670254
28,2,car,837,1010,483,583,173,100,0.9346093
29,2,car,822,1014,484,583,192,99,0.94938517
30,2,car,823,1016,485,583,193,98,0.96238464
31,2,car,827,1016,485,584,189,99,0.9449624
32,2,car,837,1011,483,584,174,101,0.941728
33,2,car,836,1008,483,583,172,100,0.93972975
34,2,car,837,1009,484,584,172,100,0.9276806
35,2,car,826,1015,485,583,189,98,0.9468186
36,2,car,825,1015,485,583,190,98,0.95079404
37,2,car,824,1016,485,583,192,98,0.9334983
38,2,car,825,1016,484,583,191,99,0.95586693
39,2,car,948,1218,492,591,270,99,0.88811177
40,2,car,948,1219,492,590,271,98,0.92152417
41,2,car,949,1216,493,590,267,97,0.89358896
0,2,car,825,1015,485,583,190,98,0.94787574
1,2,car,824,1014,485,584,190,99,0.94536096
2,2,car,823,1015,485,583,192,98,0.9303034
3,2,car,839,1018,485,583,179,98,0.9543991
4,2,car,837,1009,483,583,172,100,0.93919903
5,2,car,823,1015,486,583,192,97,0.9414781
6,2,car,837,1010,483,584,173,101,0.9477576
7,2,car,843,1016,484,584,173,100,0.9407172
8,2,car,836,1009,483,584,173,101,0.94280165
9,2,car,840,1017,485,583,177,98,0.94214207
10,2,car,823,1014,484,583,191,99,0.9389543
11,2,car,838,1010,483,583,172,100,0.9490084
12,2,car,825,1015,485,583,190,98,0.9455762
13,2,car,826,1015,485,583,189,98,0.9402909
14,2,car,838,1010,483,583,172,100,0.9445133
15,2,car,827,1016,484,582,189,98,0.95167637
16,2,car,837,1010,483,584,173,101,0.92712927
17,2,car,845,1014,484,585,169,101,0.9497875
18,2,car,823,1013,484,583,190,99,0.9551676
19,2,car,825,1015,485,584,190,99,0.9363741
20,2,car,821,1014,482,583,193,101,0.94895005
21,2,car,824,1014,486,583,190,97,0.9582431
22,2,car,825,1014,485,583,189,98,0.9472759
23,2,car,825,1015,484,583,190,99,0.94112027
24,2,car,837,1009,483,584,172,101,0.94395465
25,2,car,837,1010,483,584,173,101,0.9337229
26,2,car,825,1014,484,582,189,98,0.96434176
27,2,car,837,1009,483,584,172,101,0.9326966
28,2,car,826,1015,485,584,189,99,0.94670254
29,2,car,837,1010,483,583,173,100,0.9346093
30,2,car,822,1014,484,583,192,99,0.94938517
31,2,car,823,1016,485,583,193,98,0.96238464
32,2,car,827,1016,485,584,189,99,0.9449624
33,2,car,837,1011,483,584,174,101,0.941728
34,2,car,836,1008,483,583,172,100,0.93972975
35,2,car,837,1009,484,584,172,100,0.9276806
36,2,car,826,1015,485,583,189,98,0.9468186
37,2,car,825,1015,485,583,190,98,0.95079404
38,2,car,824,1016,485,583,192,98,0.9334983
39,2,car,825,1016,484,583,191,99,0.95586693
40,2,car,948,1218,492,591,270,99,0.88811177
41,2,car,948,1219,492,590,271,98,0.92152417
42,2,car,949,1216,493,590,267,97,0.89358896
